1	2	57
 0.947027  0.094824 -0.306836  0.295247
-0.085109  0.995359   0.04492 -0.050362
 0.309671 -0.016426  0.950702 -0.372147
        0         0         0         1
2	3	57
 0.785546  0.171452 -0.594577  0.793138
-0.162245  0.984301  0.069477  0.275069
 0.597155   0.04189  0.801031  -1.33158
        0         0         0         1
3	4	57
    0.997 -0.020763 -0.074569  0.076379
-0.002721  0.953358 -0.301829  0.750277
 0.077358  0.301126  0.950441 -0.228417
       -0         0         0         1
1	3	57
 0.512426  0.285022 -0.810051   1.46423
-0.227721  0.954641  0.191844  0.145149
 0.827987  0.086159  0.554088  -1.42599
       -0         0         0         1
0	1	57
 0.922524 -0.059999  0.381247  0.053128
-0.096963  0.920125  0.379431 -0.204337
 -0.37356 -0.387001   0.84302   1.47568
        0         0         0         1
4	5	57
 0.949612 -0.107967  0.294245  0.318609
-0.00486999    0.9336  0.358285   -1.0193
 -0.31339 -0.341665  0.886032  0.948088
       -0        -0        -0         1
2	4	57
 0.757003  0.037077 -0.652358  0.970196
-0.225127  0.952059 -0.207128   1.10163
 0.613404   0.30366  0.729059   -1.4423
       -0         0         0         1
1	4	57
 0.512175  0.032913  -0.85825   1.72823
-0.268034  0.955485 -0.123313  0.951506
 0.815987  0.293198  0.498197  -1.45621
       -0         0         0         1
5	6	57
 0.996039 -0.041322  0.078733   0.93413
 0.024187  0.977979  0.207299  0.132224
-0.085565 -0.204573  0.975104  0.248028
        0         0         0         1
0	2	57
 0.965703 -0.090782  0.243261  0.435659
 0.020829  0.960953  0.275927 -0.504502
-0.258812 -0.261396  0.929886   1.29086
        0         0         0         1
4	6	57
 0.959599 -0.085101  0.268195   1.27079
-0.069753  0.851463  0.519755 -0.712208
 -0.27259 -0.517464  0.811126  0.588481
       -0        -0        -0         1
6	7	57
 0.770451  -0.27852 -0.573439   0.74191
 -0.15868  0.787417 -0.595647   1.19799
 0.617435   0.54991   0.56247   -1.7011
       -0         0         0         1
1	5	57
 0.744623  0.246351 -0.620361   1.18971
-0.202408  0.968975  0.141837  -0.27493
 0.636057  0.019951  0.771385  -1.03807
       -0         0         0         1
0	3	57
 0.920352  0.087908 -0.381083  0.864706
 0.005932   0.97116  0.238355 -0.557084
 0.391046 -0.221631  0.893287 -0.307522
        0         0         0         1
2	6	57
 0.940415  0.144424 -0.307833  0.424332
-0.047699  0.952395  0.301111 -0.310959
 0.336666 -0.268486  0.902536 -0.183497
        0         0         0         1
5	7	57
 0.875947  0.155144 -0.456778   0.72564
-0.240783  0.961101 -0.135305  0.702216
 0.418019  0.228505   0.87923  -1.42861
       -0         0         0         1
0	4	57
 0.899138  0.026729 -0.436849  0.928822
-0.013138  0.999332  0.034103  0.070209
 0.437468 -0.024924  0.898888 -0.523033
        0         0         0         1
1	6	57
 0.804073  0.226362 -0.549752   2.06805
-0.104008  0.963979  0.244799 -0.369943
 0.585363 -0.139658  0.798653 -0.308979
        0         0         0         1
4	7	57
 0.952731 -0.037485 -0.301494   1.17847
 0.057452  0.996683  0.057631  -1.18522
 0.298334 -0.072229  0.951725  -1.30632
        0         0        -0         1
3	7	57
 0.965561 -0.033655  -0.25799   1.15335
-0.033898  0.966873 -0.252996  0.175493
 0.257958  0.253029  0.932434  -1.73576
       -0         0         0         1
0	5	57
 0.987458  0.100362 -0.121874   0.74875
-0.085495  0.988886  0.121634 -0.563624
 0.132727 -0.109689  0.985064 -0.136801
        0         0         0         1
6	8	57
 0.975806 -0.041529 -0.214658  0.534203
-0.079883  0.846197 -0.526849  0.720894
 0.203522   0.53125  0.822406  -2.11663
       -0         0         0         1
2	7	57
 0.717045 -0.046574 -0.695469   2.31903
-0.254732  0.911239 -0.323658  0.573601
 0.648812  0.409236  0.641536  -2.39531
       -0         0         0         1
1	7	57
 0.267188  0.282399 -0.921337   2.74482
-0.376627  0.910651  0.169901   0.14652
 0.886996  0.301605  0.349674  -1.68351
       -0         0         0         1
5	8	57
  0.98805  0.001124 -0.154129  0.988123
-0.045193  0.958135 -0.282726  0.269956
 0.147359  0.286314  0.946737  -1.76914
       -0         0         0         1
4	8	57
 0.997329 -0.063085 -0.036808   1.33745
 0.064171  0.997515  0.029093  -1.28636
 0.034881 -0.031378  0.998899  -1.61146
        0         0        -0         1
1	8	57
 0.707306  0.049688 -0.705159   3.06773
-0.223163  0.962211 -0.156042 -0.366939
 0.670758  0.267734  0.691666  -1.77991
       -0         0         0         1
0	7	57
-0.224629 -0.062132  0.972462   1.44157
 0.008934 -0.998055 -0.061704   3.04572
 0.974403 -0.005173  0.224747 -0.960693
        0         0         0         1
1	9	57
 0.681947  0.163084 -0.712988   2.53408
-0.077758  0.985465  0.151036  0.014302
 0.727256 -0.047558  0.684716 -0.788275
        0         0         0         1
0	8	57
 0.892711   0.21005 -0.398681   2.22342
-0.215848  0.975939  0.030867 -0.937286
 0.395572  0.058499   0.91657  -1.68199
       -0         0         0         1
1	15	57
 0.972691  0.022146 -0.231045  0.199252
 0.074299  0.913349  0.400342 -0.557041
 0.219891 -0.406575  0.886761  0.575676
        0         0         0         1
6	15	57
 0.818777  0.540604 -0.193266  -1.16304
 0.555833 -0.830711  0.031138   2.38067
-0.143715 -0.132918 -0.980652   3.58093
        0         0         0         1
5	15	57
 0.926039 -0.232601  0.297234 -0.060791
  0.15704  0.953577  0.256963  -0.24438
-0.343205  -0.19128  0.919577   1.37629
        0         0         0         1
6	16	57
-0.572416  -0.67481 -0.465802   5.00827
-0.805405  0.569293  0.165011   1.75434
 0.153826  0.469614 -0.869368   1.56696
        0         0         0         1
5	16	57
 0.830828  0.134671  0.539989 -0.941318
 0.114959  0.907825 -0.403284  0.460518
-0.544526  0.397136  0.738765  0.867398
        0         0         0         1
2	17	57
 0.747177 -0.377162  0.547244 -0.761808
 0.300645   0.92613  0.227808 -0.629878
-0.592739 -0.005687  0.805374   1.34564
        0         0         0         1
5	17	57
-0.657665 -0.079147 -0.749141   5.61271
  0.40529  0.801096 -0.440437  0.352694
 0.634993 -0.593279 -0.494776   1.48538
        0         0         0         1
6	20	57
  0.59584  0.469737   -0.6514   1.35901
 0.536193 -0.836527 -0.112776   1.69334
-0.597889  -0.28208 -0.750307   4.41067
        0         0         0         1
6	21	57
 0.493543  0.313043 -0.811431   1.55247
 0.745153 -0.633332  0.208896  0.901082
-0.448512 -0.707739 -0.545841   5.15515
        0         0        -0         1
5	21	57
 0.543625 -0.221046 -0.809698   4.05905
 0.127348 -0.931806  0.339882   3.03472
-0.829611 -0.287882 -0.478404   4.40974
        0         0        -0         1
7	20	57
 0.093984 -0.684039  0.723366   1.67211
 0.284569  -0.67781 -0.677933   3.35416
 0.954037  0.269563  0.130953 -0.580067
        0         0         0         1
6	27	57
-0.871132  0.488454  0.050408   2.22355
-0.277797 -0.405567  -0.87083   5.48982
-0.404916 -0.772611  0.488994   2.61171
       -0        -0         0         1
5	31	57
-0.787791  0.291781  0.542448   2.48569
 0.254278 -0.648068  0.717879   1.22762
 0.561006  0.703471  0.436349  -2.00661
       -0         0         0         1
6	34	57
 0.903522 -0.414753  -0.10783  0.241409
 0.262395  0.734364 -0.625986   1.25843
 0.338816  0.537299  0.772343  -2.24105
       -0         0         0         1
6	36	57
 0.803335  0.154835 -0.575047   1.05997
-0.290067  0.945057 -0.150758   1.31501
 0.520109  0.287912   0.80411  -1.35647
       -0         0         0         1
3	40	57
 0.997542  0.021218 -0.066781  -1.34152
-0.013298  0.993057  0.116879  -0.33346
 0.068797 -0.115704  0.990898  -1.76931
        0         0         0         1
6	41	57
-0.740313  0.198924 -0.642158   3.46945
-0.670134 -0.294315  0.681395   1.87325
 -0.05345  0.934777  0.351191 -0.534271
        0         0         0         1
1	42	57
 0.578838  0.178143 -0.795746   2.66918
-0.265829   0.96376  0.022388  0.066788
 0.770897  0.198573  0.605216  -3.27186
       -0         0         0         1
2	42	57
 0.824418  0.207832 -0.526442   1.19807
-0.319347  0.938748 -0.129499  0.889413
 0.467282  0.274879  0.840291    -3.559
       -0         0         0         1
6	42	57
 0.848287 -0.360194 -0.388162   1.53479
 0.514536  0.387424  0.764954  -1.65901
-0.125149 -0.848624  0.513979   1.27604
        0        -0         0         1
4	42	57
 -0.11565 -0.502933  0.856553  0.429969
 0.455723 -0.793088 -0.404139   2.75046
 0.882577  0.343612  0.320919  -2.87488
       -0         0         0         1
3	42	57
 0.997163 -0.069496 -0.028902 -0.265497
 0.063182   0.98157 -0.180355 -0.062928
 0.040904  0.178017  0.983177  -2.47052
       -0         0         0         1
1	43	57
  0.70225 -0.307099 -0.642289   3.21021
-0.154858  0.814686 -0.558842   1.30249
 0.694884  0.491911  0.524557  -3.22468
       -0         0         0         1
4	43	57
 0.686652   -0.7264 -0.029193   2.14332
 0.355922  0.300889  0.884752  -2.20966
  -0.6339 -0.617907  0.465147   3.47491
        0        -0         0         1
6	43	57
 0.589089 -0.609499 -0.530553   1.96023
 0.785542   0.58589   0.19914  -2.83154
  0.18947 -0.534083  0.823928  0.509548
        0         0        -0         1
1	44	57
  0.551343   0.242509  -0.798255    2.36163
  0.727149   0.329383   0.602297   -1.08289
  0.408994  -0.912522 0.00526302    2.39462
         0          0          0          1
6	44	57
 0.855702  0.419443 -0.303054 -0.516522
 0.005169 -0.592545 -0.805521   3.40538
-0.517443  0.687719  -0.50921   2.62856
        0         0         0         1
7	41	57
-0.038341  0.239641  0.970104 -0.831169
 0.011319   0.97086 -0.239381 -0.525244
-0.999201  0.001802 -0.039936   4.08504
        0         0         0         1
1	45	57
-0.778528  0.060239  0.624712   3.36886
 0.200767 -0.919176  0.338833   3.05677
 0.594631  0.389213   0.70351   -3.0451
       -0         0         0         1
6	45	57
 0.559773 -0.618669 -0.551274   2.66578
 0.796864  0.584379  0.153327  -2.33427
 0.227294 -0.525119  0.820114  0.253129
        0         0        -0         1
5	45	57
 0.653334 -0.607103 -0.452306   3.00181
 0.757067  0.525546  0.388138   -2.0418
 0.002068 -0.596009  0.802975  0.922151
        0         0        -0         1
7	42	57
 0.940939 -0.038159  0.336419  -1.78272
 0.027953  0.998992   0.03513 -0.143763
 -0.33742 -0.023651  0.941057 0.0690339
       -0        -0        -0         1
6	46	57
 0.974248 -0.185822  0.127712 -0.394635
 0.222832   0.87999 -0.419479  0.480315
-0.034437  0.437135  0.898736  -1.65586
        0         0         0         1
1	48	57
-0.308653  0.066265 -0.948864   5.30576
-0.904003  -0.33069  0.270966   3.84792
-0.295824   0.94141  0.161972 -0.699287
        0         0         0         1
6	48	57
 0.047284  0.649057 -0.759269   1.01355
-0.879531 -0.333255 -0.339655   4.49473
-0.473486  0.683861  0.555108 -0.799745
       -0         0         0         1
6	51	57
-0.243678  0.844207 -0.477426   2.02607
-0.872912 -0.405437 -0.271379   4.51501
-0.422666  0.350621  0.835714 -0.220154
       -0         0        -0         1
6	52	57
 0.316493  0.830887 -0.457668  0.428124
  -0.7465  -0.07953 -0.660615   4.20777
-0.585294  0.550729  0.595087  0.233473
       -0         0         0         1
4	53	57
-0.804945   0.57554  0.144279   2.41065
-0.245897 -0.544872  0.801654   0.35658
 0.539997   0.60981  0.580116  -2.02637
       -0         0         0         1
5	53	57
-0.354268 -0.850491  0.388791   2.79979
-0.930306  0.362767 -0.054135   3.56627
-0.094999 -0.380873 -0.919734   4.67945
        0         0        -0         1
0	54	57
-0.728408  0.627344 -0.275428   3.91454
-0.601033 -0.392097  0.696433    1.0695
 0.328908  0.672829  0.662661  -1.81395
       -0         0         0         1
1	55	57
-0.065697  0.442019 -0.894596   4.50295
-0.961122 -0.268996 -0.062329   3.78388
-0.268194  0.855722  0.442507 -0.275814
       -0         0        -0         1
6	55	57
-0.341019  0.208513  -0.91664   4.36184
  0.75521  0.641418 -0.135055  0.479456
 0.559789 -0.738312 -0.376207   2.85993
        0         0         0         1
11	12	57
 0.995205 -0.058962  0.078042  0.131861
 0.064223  0.995703 -0.066709 -0.598687
-0.073773  0.071402  0.994716  0.174251
        0         0         0         1
10	11	57
 0.351746 -0.928536 -0.118723   3.19406
 0.894393  0.370795 -0.250142 -0.571781
 0.276288 -0.018199  0.960903 -0.609908
        0         0         0         1
12	13	57
 0.875533 -0.316743  0.364851  0.848631
 0.056322  0.816896  0.574028  0.265038
-0.479865 -0.482031  0.733059   2.15956
        0         0         0         1
13	14	57
 0.880994 -0.370495  0.294251  0.739723
   0.2866  0.912738  0.291153 -0.344952
-0.376445 -0.172171    0.9103   1.03233
       -0        -0        -0         1
14	15	57
 0.839597  0.517941  0.163749   -1.1717
 0.301122 -0.694664  0.653274  0.791029
 0.452108 -0.499179 -0.739201   2.01842
        0         0         0         1
12	14	57
 0.663888 -0.554708   0.50155   1.47036
 0.047011  0.700301  0.712298   0.69615
-0.746353 -0.449308  0.490999   2.49758
       -0        -0        -0         1
10	12	57
 0.907253  0.065513  0.415451 -0.060831
 0.235148   0.73997 -0.630198  0.027758
-0.348708  0.669442  0.655935 -0.435105
        0         0         0         1
14	16	57
 0.460734 -0.877967  0.129992   2.80612
 0.748279   0.30549 -0.588858 -0.299764
 0.477287  0.368577  0.797715  -1.74279
       -0         0         0         1
11	14	57
 0.465584 -0.502759  -0.72833   2.85882
 0.874678  0.386753  0.292165 -0.640417
 0.134795 -0.773082  0.619818   1.52414
        0         0        -0         1
13	16	57
 0.720708  0.254766  0.644729 -0.552103
 0.096567  0.884061 -0.457286  0.015404
-0.686481  0.391828  0.612548  0.801276
       -0         0         0         1
8	9	57
 0.745399  0.663942  0.059674 -0.968416
-0.473595  0.590436 -0.653523   2.42461
-0.469136  0.458874   0.75455  0.845395
        0         0         0         1
11	15	57
-0.963521  0.049491 -0.263016   4.09203
  0.00739 -0.977459 -0.210998   3.55788
-0.267529 -0.205245  0.941437   1.14668
        0         0         0         1
12	16	57
-0.769586  -0.06597  0.635126   3.79154
 0.159448 -0.982994  0.091102   4.00934
 0.618315   0.17138  0.767017  -1.84143
       -0         0         0         1
9	12	57
 0.513537  0.851193  0.108394  -1.48652
-0.840379  0.473405  0.263914   2.23666
 0.173327 -0.226622  0.958436  0.639849
        0         0         0         1
11	16	57
   -0.857121     0.194222    -0.477097      4.12241
    -0.16948    -0.980957    -0.094863      4.17432
   -0.486436 -0.000450998     0.873716      1.31788
           0           -0            0            1
12	17	57
 0.752778  0.656548 -0.047645  -0.53773
 0.496511 -0.518779  0.695949  0.974502
 0.432207 -0.547551 -0.716509   2.35507
        0         0         0         1
10	15	57
 0.016034 -0.983629 -0.179489   4.04016
 0.961359  0.064507 -0.267633 -0.337756
  0.27483 -0.168262  0.946656 -0.304809
        0         0         0         1
13	18	57
   0.920649   -0.168348    0.352228      1.2454
   0.176309    0.984288    0.009609    0.273583
  -0.348311    0.053255    0.935865 -0.00121498
         -0          -0           0           1
11	18	57
-0.012583 -0.968602  0.248298   3.65226
 0.984246 -0.055794 -0.167773  0.280249
 0.176359  0.242275  0.954044 -0.496902
       -0         0         0         1
13	19	57
 0.983533  0.078905 -0.162596   0.41062
-0.082785  0.996419 -0.017216  0.828229
 0.160656  0.030393  0.986542 -0.964601
       -0         0         0         1
11	19	57
 0.493691 -0.807467  0.322903   1.95346
 0.808593  0.289559 -0.512185  0.429058
 0.320073  0.513958  0.795864  -1.12266
       -0         0         0         1
9	15	57
-0.680278  0.698531  0.221982   1.16539
-0.573389 -0.695839  0.432473   3.79805
  0.45656  0.166919  0.873894 -0.671457
        0         0         0         1
14	20	57
 0.828304  0.239703 -0.506413   2.47878
-0.411932  0.873199 -0.260454   1.10889
 0.379768  0.424343  0.822016  -1.65748
       -0         0         0         1
13	20	57
 0.852208  0.475563   0.21813  -0.15875
-0.508675  0.850667  0.132724   1.34625
-0.122437 -0.224066  0.966852 -0.080002
        0        -0         0         1
12	20	57
 0.267343 -0.772723  0.575697     1.584
 0.849512 -0.092988  -0.51931   2.80003
 0.454816  0.627896  0.631577 -0.806486
       -0         0         0         1
11	20	57
-0.076331 -0.786417 -0.612962   3.60909
    0.794  0.323907  -0.51444  0.718762
 0.603107 -0.525959  0.599691 -0.181503
        0         0         0         1
9	16	57
-0.824646  0.545338 -0.150221   3.47367
-0.433875 -0.439429  0.786546   3.52003
 0.362922  0.713799  0.598982  -2.19125
        0         0         0         1
12	21	57
-0.216008 -0.935556 -0.279419   4.69743
 0.914005 -0.093096 -0.394876    2.5041
 0.343416 -0.340687  0.875213 -0.515506
        0         0        -0         1
11	21	57
-0.182714  0.924883 -0.333478  0.713923
-0.892375 -0.013647  0.451088   2.94827
 0.412652  0.380007  0.827836  -1.75704
       -0         0         0         1
9	17	57
 -0.64604  0.727409 -0.231319   2.94127
-0.730211 -0.677233 -0.090266   4.62607
-0.222317  0.110596  0.968681  0.509752
        0         0         0         1
11	22	57
-0.805873 -0.556025 -0.203482   4.85858
 0.529127  -0.83053  0.173909   2.63117
-0.265695   0.03248   0.96351  0.456033
       -0         0        -0         1
12	22	57
 0.390459 -0.677297  0.623547   1.84789
-0.858866 -0.511878 -0.018189   5.12759
 0.331499 -0.528441 -0.781574    3.2296
        0         0         0         1
9	18	57
 0.943777 -0.131529   0.30329  0.127322
 0.151155  0.987615 -0.042062 -0.527172
-0.294001  0.085541   0.95197   1.04411
        0         0         0         1
12	23	57
 0.848295 -0.434242 -0.303035   1.30604
 0.521314  0.785252  0.334082 -0.685844
 0.092886 -0.441377  0.892502  0.451898
        0         0        -0         1
9	19	57
 0.991767  0.067464 -0.108839 -0.004894
-0.064318  0.997411  0.032163  0.172105
 0.110727 -0.024898  0.993539 -0.032495
        0         0         0         1
10	22	57
-0.928816 -0.346724  0.130707    4.4951
-0.307698  0.918247  0.249287 -0.810367
-0.206455  0.191323 -0.959569   2.73417
        0         0         0         1
10	23	57
 0.960917 -0.256575  0.103958  0.467432
 0.275587  0.922198 -0.271299 -0.771403
-0.026261  0.289345  0.956865 -0.871596
        0         0         0         1
9	20	57
 0.993152 -0.116268 -0.011476   0.40433
 0.109017  0.957558 -0.266831  0.617554
 0.042013  0.263752  0.963675 -0.428181
       -0         0         0         1
12	25	57
 0.151979 -0.809801  0.566679   2.44752
 0.981882  0.058046 -0.180384 -0.237822
 0.113182  0.583827   0.80395  -1.83846
       -0         0         0         1
14	25	57
  0.84621  0.518854 -0.121319  -1.19244
-0.532022  0.810029 -0.246586   2.05799
 -0.02967  0.273208  0.961497  -1.16417
        0         0         0         1
13	25	57
 0.366384 -0.452029 -0.813285   4.30292
-0.421697 -0.859812  0.287915   4.66003
-0.829418  0.237472 -0.505641   3.33193
        0         0         0         1
10	24	57
-0.657999 -0.084003  0.748318   2.94696
-0.506563 -0.685909  -0.52242   4.59104
 0.557163 -0.722822  0.408775  0.328222
        0         0         0         1
9	21	57
   0.8002 -0.555733  -0.22548   1.87848
 0.593028  0.677133   0.43567  -1.05392
-0.089436 -0.482339  0.871407   0.91794
        0        -0         0         1
10	25	57
 0.91353 0.109982 -0.39162 0.709777
-0.159402 0.982545  -0.0959 0.537743
0.374237 0.150032 0.915116  -1.7742
      -0        0        0        1
12	26	57
-0.126337   0.00036  0.991987  0.523973
-0.990856  0.047693 -0.126211   4.33406
-0.047356 -0.998862 -0.005668   2.00181
        0         0        -0         1
8	16	57
 0.553792  0.565757  0.610928  -1.49246
-0.370561  0.824506 -0.427638   1.92656
-0.745653  0.010437  0.666253   3.33028
        0         0         0         1
14	26	57
 0.627143 -0.770185 -0.116221   2.37604
-0.745865 -0.636815  0.195325   4.34679
-0.224448 -0.035811 -0.973828   4.39085
        0        -0         0         1
11	26	57
-0.283991 -0.273045  0.919128   1.30675
-0.947937  0.224017 -0.226344   3.80881
-0.144098 -0.935555 -0.322448    2.7949
        0         0        -0         1
13	26	57
 0.536178 -0.575722 -0.617299   4.09293
-0.778565  -0.61984 -0.098159   5.59531
-0.326114  0.533237 -0.780581   2.62569
        0         0        -0         1
10	26	57
-0.411466 -0.764282 -0.496558   4.60216
 -0.88607  0.207825  0.414354    2.0698
-0.213486  0.610477  -0.76272   3.36015
        0         0         0         1
15	16	57
-0.896398   0.30252 -0.323963   4.14222
-0.279096 -0.953024 -0.117692   4.72492
-0.344348 -0.015082  0.938721  0.796401
        0        -0         0         1
11	27	57
 0.608495 -0.362935    0.7057 -0.766395
 0.764081  0.027833  -0.64452   1.27124
 0.214277  0.931399  0.294248 -0.818197
       -0         0         0         1
12	27	57
 0.237672    -0.777  -0.58291   4.49572
  0.83687 -0.140852  0.528971 -0.241681
-0.493114 -0.613541  0.616771   1.66187
       -0        -0        -0         1
14	27	57
-0.597223  0.084467 -0.797615   4.77946
 -0.55256 -0.764142  0.332813   2.84899
 -0.58138  0.639494  0.503036  0.821327
        0         0         0         1
13	27	57
 0.156793 -0.578124  0.800743  0.459191
-0.800217  0.400828  0.446082   2.25915
-0.578851  -0.71071 -0.399778   4.73808
        0         0        -0         1
10	27	57
 0.073668  0.048931  0.996082 -0.981115
-0.794914  0.606028   0.02902   2.41025
-0.602234 -0.793937  0.083541   3.49533
        0        -0         0         1
9	25	57
-0.878088  0.347592  0.328849   2.88912
-0.107871 -0.813355  0.571679   2.63984
 0.466182  0.466512  0.751692  -2.00715
       -0         0         0         1
15	20	57
 0.841726  0.264466 -0.470696   2.51895
-0.127251  0.944431   0.30308  0.654677
 0.524694 -0.195214  0.828606 -0.805736
        0         0         0         1
15	21	57
  0.76183  0.231346 -0.605057  0.507756
-0.345319  0.935307 -0.077174  0.716539
  0.54806  0.267731  0.792433  -1.91163
       -0         0         0         1
14	29	57
-0.994253  0.106818 -0.007139   4.45643
  0.10699  0.993776  -0.03102 -0.862528
 0.003781 -0.031606 -0.999493   4.10949
        0         0         0         1
15	22	57
-0.671823  0.669066 -0.317813    2.6458
-0.713353 -0.699961  0.034382   4.56567
-0.199452  0.249812   0.94753 -0.314835
        0         0         0         1
8	20	57
 0.997661  0.045936  0.050615   0.06823
 -0.06431  0.881716  0.467377  0.574095
-0.023159 -0.469538  0.882608   1.22253
        0         0         0         1
9	27	57
 0.644692 -0.621638  0.444904  0.678137
-0.303204  0.326322  0.895311 -0.218483
-0.701741 -0.712096  0.021894   4.01554
       -0        -0        -0         1
12	30	57
 -0.06406  0.858792 -0.508304   1.71464
 0.997726  0.044422 -0.050688  0.374427
 -0.02095 -0.510396 -0.859684   4.36414
        0         0        -0         1
11	30	57
-0.265913 -0.746366  0.610105   2.17934
  0.96371 -0.221272   0.14934  -0.02892
 0.023537  0.627675  0.778119  -1.45744
       -0         0         0         1
8	21	57
  0.99276 -0.077673  0.091623 -0.112185
 0.098083  0.964532 -0.245069  0.562752
-0.069338  0.252281  0.965167   0.15287
        0         0         0         1
12	31	57
-0.544267  0.826502  0.143763    2.1066
   -0.808 -0.562548  0.175145   4.37703
 0.225632 -0.020835   0.97399  -1.65497
        0         0         0         1
14	31	57
 0.434645 -0.796925 -0.419516   3.88897
-0.436823 -0.593903  0.675621   1.54907
-0.787572 -0.110401 -0.606253   4.03538
        0        -0         0         1
11	31	57
-0.576653 -0.716232 -0.393044    5.0194
 0.748602  -0.27054 -0.605312   1.72287
  0.32721 -0.643288   0.69218 -0.435197
        0         0        -0         1
10	31	57
-0.504685  0.714856  0.484019   0.92224
-0.852451  -0.32403 -0.410283   4.95305
-0.136457 -0.619666  0.772913  0.348866
       -0        -0         0         1
13	31	57
 -0.97043  0.135243 -0.199938   5.11062
-0.114728  0.470338  0.874997 -0.249324
 0.212376  0.872062 -0.440914 -0.347988
       -0         0        -0         1
15	26	57
-0.979892 -0.150736  0.130731   4.89359
 0.194396 -0.573558  0.795765  0.172503
-0.044969  0.805177  0.591327  0.186592
        0         0         0         1
9	29	57
 0.216318 -0.685499  0.695196  -0.15018
 0.594977  0.657117  0.462817    -1.262
-0.774086   0.31351  0.550003  0.962471
       -0        -0         0         1
11	32	57
 0.887557  0.313622 -0.337467  0.695776
-0.296824  0.949497  0.101744  0.505383
 0.352333  0.009864  0.935823  -1.71148
       -0         0         0         1
12	32	57
-0.529472 -0.847642  0.034094   4.59148
-0.150084  0.054041 -0.987195   4.53841
 0.834945  -0.52781 -0.155831  0.193166
        0         0         0         1
10	32	57
 0.340656  0.940024 -0.017587    0.1415
-0.874864  0.310081 -0.372104   3.68787
-0.344334  0.142146  0.928024 -0.645585
        0         0         0         1
14	32	57
 0.844658 -0.020579  0.534911 -0.042852
-0.392112  0.656479  0.644425   0.01855
-0.364419 -0.754064  0.546431   1.48682
       -0        -0        -0         1
13	32	57
 -0.74644 -0.384152  0.543372   2.94959
-0.272164 -0.568894 -0.776072   5.03301
 0.607251 -0.727177  0.320093 -0.111121
        0         0         0         1
15	27	57
 0.180682 -0.198156  0.963373  0.170882
 0.975202 -0.091187 -0.201656  -0.79919
 0.127806   0.97592  0.176767 -0.627338
       -0         0         0         1
9	30	57
 0.627245 -0.426212  0.651849  0.076639
 0.473593  0.873176  0.115209 -0.764138
-0.618282  0.236446  0.749546  0.475695
       -0        -0         0         1
11	33	57
  -0.4367  0.101198 -0.893897   4.58608
  0.89875  0.092437 -0.428606  0.869195
 0.039255 -0.990563 -0.131319   3.12211
        0         0         0         1
12	33	57
-0.216323 -0.855598 -0.470273   5.09507
 0.932552 -0.038468  -0.35898   2.49387
 0.289052  -0.51621  0.806211 -0.115137
        0         0        -0         1
10	33	57
-0.439323  0.896069  -0.06368  0.704488
-0.842209 -0.435504 -0.317837    5.1173
-0.312537 -0.086001  0.946005 -0.301924
        0        -0         0         1
14	33	57
 0.243323  0.063495 -0.967865   3.59224
 0.625001  0.752812  0.206513   -1.4193
 0.741733 -0.655166  0.143492  0.503107
        0         0         0         1
15	28	57
-0.010151  0.485782 -0.874021   3.57629
 0.996349  0.079008  0.032341     -1.52
 0.084765 -0.870502 -0.484811   4.50853
        0         0        -0         1
15	29	57
-0.906381 -0.380306  0.183958   3.68006
 0.402658 -0.645938   0.64856  0.028502
-0.127825  0.661915  0.738599  -1.39033
        0         0         0         1
9	31	57
  0.94592 -0.164056  0.279857  -0.46131
 0.192674  0.978172 -0.077822 -0.280678
-0.260982  0.127534  0.956882 -0.378801
        0         0         0         1
12	34	57
-0.178506  0.906288 -0.383116   1.37637
-0.892182  0.015103  0.451422   3.79272
 0.414905  0.422391  0.805878  -2.90814
       -0         0         0         1
11	34	57
 0.449985  -0.66862 -0.591997   3.26732
 0.615808  0.712409 -0.336533  -1.04108
 0.646757 -0.213121  0.732315  -1.96935
        0         0         0         1
10	34	57
 0.793216  0.314555 -0.521405  0.246756
-0.486067  0.842844 -0.230982   1.55878
 0.366807  0.436656  0.821452  -2.86737
       -0         0         0         1
12	35	57
   0.70814  -0.473436  -0.523828    2.72366
  0.684535   0.642177   0.344993  -0.833604
  0.173058  -0.602882   0.778835 -0.0977081
         0          0         -0          1
13	35	57
 0.526645  0.268924 -0.806427   2.19651
 -0.36041  0.929799  0.074696   0.86087
 0.769903  0.251306  0.586596  -2.34591
       -0         0         0         1
10	35	57
-0.185548 -0.833915  0.519766   3.78256
-0.486401 -0.381658 -0.785972   5.13899
 0.853807 -0.398651 -0.334801  0.684701
        0         0         0         1
12	36	57
 0.830131  0.495205  0.256233   0.13821
-0.526731  0.847218  0.069111   1.54437
-0.182862 -0.192337  0.964141 -0.801501
        0        -0         0         1
11	36	57
 0.125322  0.879749 -0.458625   1.52285
-0.399513  0.467882  0.788337  0.244429
 0.908121  0.084431  0.410107  -1.30806
       -0         0         0         1
10	36	57
-0.313522 -0.945742 -0.085303   4.32669
-0.129466  0.131566 -0.982817   3.63668
 0.940714 -0.297091  -0.16369  0.217781
        0         0        -0         1
11	37	57
 0.576281  0.105502  0.810413  -1.06553
 0.241354 -0.969373  -0.04543   2.94862
   0.7808  0.221777 -0.584095   2.52971
       -0         0        -0         1
12	37	57
 0.958785  0.196536  0.205196  -0.15149
-0.232509  0.957792  0.169036  0.450227
-0.163314 -0.209779  0.964013  -1.42778
        0        -0         0         1
15	33	57
-0.595959  0.022962 -0.802687   4.39684
 0.801961  0.068225 -0.593468   1.42004
 0.041136 -0.997406 -0.059074   2.73337
        0         0         0         1
13	37	57
 0.890427  -0.06301  0.450742 -0.190273
 0.137583    0.9813 -0.134614   0.01284
-0.433832  0.181878  0.882446  -1.11425
        0         0         0         1
9	34	57
 0.992918  0.094788  0.071621 -0.400619
-0.063136  0.931678 -0.357757   1.10872
-0.100639  0.350702  0.931064  -1.45633
       -0         0        -0         1
10	37	57
 0.740656  0.307271  0.597505  -1.08894
-0.00823699  0.893384 -0.449218   1.36179
-0.671834  0.327794  0.664222 -0.802508
       -0         0        -0         1
11	38	57
-0.420252  0.822453  0.383353   0.62906
-0.790313 -0.539338  0.290724   3.96153
 0.445863 -0.180792  0.876653  -1.13529
        0         0         0         1
12	38	57
-0.663506 0.735952 0.134663  1.73819
-0.680562 -0.66846 0.299994  4.30462
0.310798 0.107401 0.944389 -1.66855
      -0        0        0        1
10	38	57
 -0.563541  -0.825601  -0.028367    4.94036
  0.283206  -0.160826  -0.945478    3.30821
  0.776025   -0.54085   0.324448 -0.0697572
         0          0         -0          1
9	35	57
0.653485   0.5123 -0.55723 0.995319
-0.441747  0.85591 0.268844  1.04078
0.614668 0.070469 0.785632 -1.58838
      -0        0        0        1
12	39	57
 0.218667  0.971985  0.086196 -0.564123
 -0.97406  0.212151  0.078736   4.16417
 0.058244 -0.101177  0.993162 -0.857568
        0         0        -0         1
11	39	57
 0.189813  0.951305  0.242879 -0.542876
-0.973362  0.214731  -0.08036   3.42038
  -0.1286 -0.221156  0.966722  0.065412
        0        -0         0         1
10	39	57
 -0.289369  -0.810527  -0.509226    4.89372
  0.862492 0.00996401  -0.505973    1.46769
  0.415179  -0.585616    0.69619   0.435201
         0          0          0          1
15	35	57
 -0.85351 -0.206252 -0.478518   5.23457
-0.392291 -0.350098  0.850611   1.58731
-0.342969  0.913724  0.217901 -0.780411
       -0         0         0         1
11	40	57
 0.143021 -0.908769 -0.392026   3.82414
 0.816386 -0.115602  0.565819 -0.843145
-0.559517 -0.400968  0.725373   1.07842
       -0        -0        -0         1
13	40	57
-0.381702  0.711489  0.589989  0.679784
-0.270699  0.524276 -0.807376   3.34395
-0.883757 -0.467887 -0.007517   2.98036
        0         0        -0         1
10	40	57
-0.542875  0.727394 -0.419743   2.83466
 0.010521 -0.493875 -0.869469   4.32305
-0.839748 -0.476429   0.26046   2.77554
        0        -0         0         1
9	37	57
 0.705793 -0.598814 -0.378522    3.6119
 0.035928  0.563889 -0.825069   3.34736
 0.707507  0.568728  0.419502  -2.26935
       -0         0         0         1
11	41	57
 0.116834 -0.979921  0.161571   4.19823
 0.867241  0.179943  0.464234  -1.11251
-0.483986  0.085883  0.870851  0.078344
       -0        -0         0         1
9	39	57
 0.826815 -0.320071  0.462527  0.192178
 0.347821  0.937179  0.026767 -0.366771
-0.442038  0.138745  0.886201  0.611623
       -0        -0         0         1
11	42	57
 -0.13355  0.982262   0.13163 -0.114357
 0.485989 -0.050844  0.872485  -1.27443
 0.863701  0.180491 -0.470578   1.39336
       -0         0        -0         1
14	42	57
 0.230543  0.968797 -0.091003  0.588038
-0.972779  0.227211 -0.045559   3.80262
-0.023461   0.09903  0.994808  -2.39252
        0         0         0         1
15	40	57
 0.902707 -0.123054  0.412283 -0.411164
 0.420287  0.047128 -0.906166   2.48042
 0.092078   0.99128   0.09426  0.456272
       -0         0         0         1
9	40	57
-0.989009  0.138215 -0.052522   3.94657
-0.041138 -0.598419 -0.800127    4.3602
 -0.14202 -0.789172  0.597527   1.35659
        0        -0         0         1
15	41	57
 0.867573 -0.085317 -0.489937    1.4442
 0.486717  0.347925  0.801284 -0.931719
 0.102098 -0.933632  0.343375   2.32327
        0         0        -0         1
10	43	57
 0.565035  0.395612  0.724035  -1.97573
-0.766298  0.576898    0.2828   1.09162
-0.305816 -0.714619  0.629124   2.22947
        0        -0         0         1
9	41	57
 -0.98244 -0.186262    0.0109   4.76064
 0.178486 -0.955234 -0.235949   4.45044
 0.054361  -0.22986  0.971704 -0.377438
        0         0         0         1
15	42	57
 0.141192  0.959568  0.243505 -0.392971
 -0.51838  0.281213  -0.80759   4.30413
-0.843414 -0.012202  0.537126  0.847367
        0        -0         0         1
11	44	57
-0.643284   0.73099 -0.227681   2.78155
 -0.73604 -0.672318 -0.078949   5.34885
-0.210785  0.116796   0.97053    -1.164
       -0         0        -0         1
14	44	57
 0.996312  0.056338 -0.064715  -1.31562
 0.005374  0.711778  0.702384  -1.41101
 0.085634 -0.700141  0.708851  0.415375
        0         0         0         1
12	44	57
  0.03773 -0.893816 -0.446843   5.06099
 0.989371  -0.02943  0.142408  -1.01821
-0.140437 -0.447467  0.883205  0.116125
       -0        -0        -0         1
10	44	57
-0.552282 -0.833156 -0.028921   5.53104
  0.73284 -0.468662 -0.493256   1.80342
 0.397405 -0.293611  0.869403  -1.76771
        0         0        -0         1
15	43	57
-0.793562   -0.2139  0.569655    4.1886
 0.271123 -0.962407  0.016315   3.85524
  0.54475  0.167393  0.821722  -3.13343
       -0         0         0         1
15	44	57
-0.621512  0.772054 -0.132876   2.76614
-0.766767 -0.634269 -0.098851   5.33842
-0.160597  0.040448  0.986191   -1.3355
       -0         0        -0         1
11	45	57
-0.305686  0.577412  0.757068  0.184732
-0.945876  -0.09316  -0.31087   5.05063
-0.108972 -0.811121  0.574637   2.35834
       -0        -0         0         1
12	45	57
-0.410681 -0.908135  0.081435   5.61366
  0.53721 -0.313167 -0.783155   2.94328
 0.736713 -0.277879  0.616471  -1.62382
        0         0         0         1
13	45	57
 0.202743 -0.154024  0.967043 -0.732363
-0.846942  0.468107  0.252121   1.41934
-0.491512 -0.870145 -0.035544   4.35635
        0         0        -0         1
15	45	57
 0.376917  0.407048  0.832013  -1.40391
-0.924054  0.227017   0.30755   2.32626
-0.063693 -0.884746  0.461701   2.28359
        0        -0         0         1
11	46	57
 0.314341  0.251863  0.915289 -0.774639
-0.949087  0.104287  0.297251   3.16264
-0.020586 -0.962127  0.271822   2.27065
        0        -0         0         1
12	46	57
  0.23803  0.528284   0.81502 -0.925715
-0.943494 -0.073434  0.323151   4.46868
 0.230565 -0.845886  0.480953  0.910403
        0         0         0         1
14	46	57
 0.997486 -0.054674  0.045073  0.278832
 0.008499  0.723822  0.689934 -0.848614
-0.070346 -0.687817  0.722468  0.987133
       -0        -0        -0         1
10	46	57
-0.055902 -0.996933 -0.054765   4.53178
 0.656399  0.004635   -0.7544    2.4163
  0.75234  -0.07812  0.654127  -1.52201
        0         0         0         1
13	46	57
 0.924613 -0.380162  0.023827  0.063687
 0.211324  0.564005  0.798273  -0.87835
-0.316912 -0.733059  0.601824    2.0193
       -0        -0        -0         1
15	46	57
-0.567437 -0.033185  0.822748   1.55614
 0.819274 -0.122862  0.560085 -0.752766
 0.082498  0.991869  0.096904 -0.205655
       -0         0         0         1
15	47	57
-0.237053  0.127805  0.963053   1.18164
-0.963156  0.098699 -0.250177   3.21319
-0.127026 -0.986876  0.099699   2.99139
        0        -0         0         1
11	47	57
 -0.560086   0.340288   0.755319   0.105842
  -0.80179 0.00670701  -0.597568    4.14412
 -0.208411  -0.940297   0.269083    2.71695
         0         -0          0          1
14	47	57
-0.010316   -0.9904  0.137844   4.60502
-0.496274 -0.114605 -0.860568   5.12065
 0.868104 -0.077286 -0.490328  0.080911
        0         0         0         1
10	47	57
 0.985238  0.127291  0.114467  -0.68561
-0.168528  0.603769  0.779141  -1.09374
 0.030066 -0.786931  0.616309   1.19068
        0         0        -0         1
9	46	57
 0.414532 -0.562513 -0.715361   3.32961
 0.879612  0.449219  0.156474  -1.31377
 0.233335 -0.694105  0.681009  0.756349
        0         0        -0         1
15	48	57
 0.434301 -0.900678 -0.012686     2.911
 0.894574  0.432921  -0.11098 -0.848964
 0.105449   0.03685  0.993742  -2.52868
       -0         0         0         1
11	48	57
 -0.67204 -0.472364  0.570293   3.20527
 0.731822    -0.306  0.608933  0.528126
-0.113128  0.826581  0.551331   -1.8658
        0         0         0         1
9	47	57
   0.8413  -0.50053 -0.204166   2.58619
  0.50101  0.580161  0.642185  -1.64523
-0.202984  -0.64256   0.73886   1.14084
        0        -0         0         1
15	49	57
 0.285113  0.711071 -0.642719    1.7485
 0.950825  -0.12517  0.283309 -0.736118
 0.121004 -0.691889 -0.711792   3.76359
        0         0         0         1
10	49	57
 0.501751  -0.69862  0.510075   0.67904
 0.634934 -0.103017 -0.765668   2.72521
 0.587457  0.708038  0.391888   -1.2042
       -0         0         0         1
8	34	57
 0.985663 -0.052273  0.160424 -0.407833
 0.026676  0.987119   0.15775 -0.256698
-0.166604 -0.151208  0.974361 -0.048908
       -0        -0        -0         1
15	50	57
-0.988541 -0.052708  0.141452    3.7003
-0.131839  0.757856 -0.638962   2.95129
-0.073521 -0.650289 -0.756121   3.84954
        0         0        -0         1
9	48	57
 0.937984 -0.186873  0.292001 -0.640037
 0.095264  0.948793  0.301191 -0.661622
-0.333333 -0.254695  0.907755  -0.49614
       -0        -0        -0         1
11	51	57
 0.385598  0.794132 -0.469754   1.77311
 0.889832 -0.185458  0.416898 -0.277717
 0.243952 -0.578758 -0.778156   3.73712
        0         0         0         1
15	51	57
-0.950322  0.208045 -0.231529   4.71876
 0.308069  0.735033 -0.604003   1.54046
 0.044521 -0.645324  -0.76261   3.82247
        0         0         0         1
12	51	57
-0.406034  0.853319 -0.327081    2.5996
 0.902797  0.319032 -0.288401  0.938995
-0.141749 -0.412389 -0.899913   4.38729
        0         0        -0         1
11	52	57
 -0.61839   0.67665 -0.399672   3.96494
 0.774277  0.437553 -0.457213  0.778439
-0.134496 -0.592193 -0.794493   4.63009
        0         0        -0         1
15	53	57
 0.522294 -0.478153  0.706101 -0.778619
-0.852468 -0.270892  0.447119    2.8907
-0.022514 -0.835456 -0.549095   3.76226
        0         0        -0         1
11	53	57
 0.668213  0.617317 -0.415223  0.964713
 0.712529 -0.370491  0.595851  -1.70372
 0.213993 -0.694014 -0.687424   3.59931
        0         0         0         1
10	53	57
-0.777364 -0.287363  0.559579   1.70502
-0.493565  0.830138 -0.259353   2.92915
-0.389999   -0.4778 -0.787152   5.12618
        0         0        -0         1
9	51	57
 0.654724   -0.4588  0.600698 -0.058182
 0.352795  0.888326  0.293959 -0.249865
-0.668485  0.019461  0.743471  0.755032
       -0        -0         0         1
15	54	57
 0.435976  0.581855 -0.686564   2.05502
 0.875463 -0.097423  0.473364  -1.63198
 0.208543 -0.807436 -0.551867   3.22931
        0         0         0         1
12	54	57
 0.671449  0.716971 -0.187374   1.47766
 0.660678 -0.464649  0.589581  0.215873
  0.33565 -0.519668 -0.785675   3.61618
        0         0         0         1
10	54	57
 0.476129  0.473609 -0.740942   2.40543
-0.744521 -0.231275 -0.626259   5.11962
-0.467964  0.849827  0.242495  0.413241
       -0         0         0         1
11	55	57
 0.519859  0.638312 -0.567718   1.73712
 0.830242 -0.221075  0.511687 -0.480543
