0	1	57
   0.81305  0.0946684   0.575251 -0.0516508
 -0.246008     0.9507   0.191248   0.218301
 -0.528541  -0.296874   0.795887    1.85642
         0          0          0          1
1	2	57
 0.911012  0.103416 -0.399429  0.414428
-0.101253  0.994596 0.0265737 0.0187923
 0.399982 0.0162329  0.916478 -0.513862
       -0         0         0         1
3	4	57
   0.991374 -0.00131752   -0.132753 -0.00446754
  -0.036191     0.95961   -0.279793    0.740434
   0.127731    0.282121    0.951073   -0.265777
         -0           0           0           1
2	3	57
 0.631427  0.280114 -0.723723     1.167
-0.226337  0.958929  0.173677  0.313077
   0.7423 0.0541157   0.66858  -1.49393
        0         0         0         1
4	5	57
 0.932907 0.0983092  0.349472 -0.783568
-0.236561  0.895592  0.379557 -0.488394
 -0.27538 -0.436303  0.857855   1.71696
        0        -0         0         1
0	2	57
   0.98617 -0.0439009   0.163342   0.390755
0.00236875   0.969768   0.246341  -0.481099
 -0.169122  -0.242408   0.955916    1.05392
         0          0          0          1
1	3	57
-0.709245 -0.437882  0.552549   3.45836
 0.704462 -0.471293  0.530749  0.924836
0.0280067  0.765651  0.642709  -1.35047
       -0         0         0         1
5	6	57
 0.976108  0.148259  0.159815  0.560081
-0.192662  0.929775  0.314178 0.0800471
-0.101997  -0.33741  0.935981  0.471672
        0         0         0         1
2	4	57
  0.76931 0.0875893 -0.633161  0.884107
-0.270882  0.942072 -0.198807   1.20518
 0.578953  0.324392  0.748321  -1.40189
       -0         0         0         1
3	5	57
  0.996798 -0.0495799 -0.0627452   -0.40049
 0.0520092   0.997935  0.0377085  -0.602824
 0.0607469 -0.0408507   0.997317   0.137646
         0          0         -0          1
4	6	57
 0.943054 -0.093977  0.319298  0.451173
-0.108981  0.819306  0.563021 -0.781709
-0.314493 -0.565719  0.762358   1.48351
       -0        -0        -0         1
1	4	57
  0.489979    0.14551  -0.859529     1.6128
 -0.341628   0.939178 -0.0357525   0.970052
  0.802032   0.311149   0.509876   -1.48535
        -0          0          0          1
0	3	57
 0.758398  0.204795 -0.618852   1.27131
-0.0159363  0.954948  0.296488 -0.554275
 0.651663 -0.214985  0.727463 -0.632434
        0         0         0         1
6	7	57
-0.114175  0.127226  0.985572  0.183112
-0.616151 -0.787412  0.030268    4.5343
 0.779677 -0.603632  0.168245  0.578579
        0         0         0         1
2	5	57
   0.90882   0.134494   -0.39539  -0.355302
 -0.125658   0.991087  0.0482942  -0.176757
  0.398286 0.00579215   0.917448  -0.955782
        -0          0          0          1
3	6	57
-0.745688  0.263447  0.617666   1.05992
 0.246066 -0.751617  0.617648   2.23569
 0.624794  0.610436  0.493929 -0.964669
       -0         0         0         1
0	4	57
  0.881879  0.0532863  -0.470532   0.882646
-0.0226096    0.99822  0.0706687  0.0107235
  0.472999 -0.0516329   0.880656  -0.490308
         0          0          0          1
1	5	57
 0.662189  0.554874 -0.503608  0.589714
-0.510508  0.826032  0.238857  0.916418
 0.548532 0.0989267  0.830256   -1.0294
       -0         0         0         1
5	7	57
 0.840946 -0.228745 -0.490393   1.48973
-0.0192422  0.893044 -0.449559   1.30017
 0.540777  0.387491  0.746599  -1.56754
       -0         0         0         1
4	7	57
 0.186614 -0.153099   0.97448  0.389335
0.0610637 -0.988069 -0.166928   3.17632
 0.984541 0.0903018 -0.174353 -0.735451
       -0         0        -0         1
1	6	57
 0.770461  0.505008 -0.389347  0.770942
-0.386522  0.855536  0.344812  0.257826
 0.507174  -0.11516  0.854254 -0.413793
        0         0         0         1
0	5	57
  0.952451   0.303707 -0.0479896  -0.598824
 -0.259741   0.878325   0.403463  -0.028944
  0.164545  -0.371497   0.914668   0.719261
         0          0          0          1
3	7	57
   0.18654 -0.0991182   0.978352  -0.147674
 -0.279902  -0.959959 -0.0438868    3.95746
  0.942683  -0.265418  -0.206629   0.651005
         0          0          0          1
2	7	57
 0.478161  0.310823  -0.83026   1.35739
 0.786506  0.286561  0.560243 -0.707648
 0.409085  -0.91425 -0.106667   1.96995
        0         0         0         1
6	8	57
  0.940865   0.263405  -0.213089 -0.0148371
 -0.325253   0.878321  -0.350398    0.98669
 0.0948639   0.398982   0.912047   -1.69901
        -0          0          0          1
1	7	57
 0.277359  0.196173 -0.940525   3.11165
-0.350137  0.932249 0.0911919    1.0324
 0.894693   0.30402  0.327255  -1.36203
       -0         0         0         1
5	8	57
 0.980469  0.116035 -0.158801   1.02938
-0.147781  0.967428 -0.205534  0.873885
 0.129779  0.224987   0.96568  -1.62767
       -0         0         0         1
7	8	57
 0.888173  0.211205  0.409136 -0.343475
-0.273164  0.957324  0.098806  0.434851
-0.370649 -0.199433  0.907577  0.114032
        0        -0         0         1
0	7	57
  0.742693   0.142369  -0.654681    1.20694
-0.0500692   0.986452   0.157716  -0.183838
  0.668109 -0.0843357   0.739585  -0.915342
         0          0          0          1
3	9	57
  0.992061 -0.0671811   0.106908  -0.421808
 0.0327909   0.954786   0.295699  -0.339828
 -0.121931  -0.289827   0.949348    1.28328
        -0         -0         -0          1
1	9	57
-0.763498 -0.561612  0.319029   4.86162
 0.643197  -0.61594  0.455008     1.289
-0.0590326  0.552563  0.831447 -0.759399
        0         0         0         1
4	10	57
-0.0192822  -0.994074    0.10804    3.66951
  0.997383 -0.0114178  0.0729521  -0.835874
-0.0712785   0.109152    0.99158  0.0581562
         0          0          0          1
3	10	57
-0.867877  0.464074  0.182366   1.93419
-0.263014 -0.737079  0.623995   3.29196
  0.42361  0.493135  0.761055  -1.02923
        0         0         0         1
6	10	57
  0.22638  0.543357  0.808552  -1.23333
-0.748191  0.628578 -0.212933   2.26156
-0.623862 -0.556681  0.548766   3.04013
        0         0         0         1
5	10	57
 0.604217  0.195569  0.772498 -0.184973
-0.527025  0.825222  0.203302    1.6703
-0.597699 -0.529944  0.601659   2.76468
        0         0         0         1
2	10	57
-0.956746 -0.172954  -0.23417   3.80669
-0.000688014 -0.803086  0.595957   3.09168
-0.291116  0.570309  0.768187  -0.43157
        0         0         0         1
1	10	57
  0.948059   0.318097 0.00356968  -0.423738
 -0.310278   0.922161   0.231003   0.573003
 0.0701896   -0.22011   0.972954   0.457354
         0          0         -0          1
7	10	57
-0.562252 -0.563966  0.604956   3.46554
 0.164601 -0.793179 -0.586455   3.25406
 0.810516 -0.230141  0.538754 -0.222778
        0         0         0         1
2	11	57
-0.176822  0.979353  0.104241 -0.316032
-0.517809 -0.182532  0.836553   2.62475
 0.837778 0.0938838  0.539053  -1.33378
        0         0         0         1
3	11	57
-0.825934  0.522064   -0.2131   2.00976
-0.416204 -0.309425  0.855079   2.56614
 0.380443   0.79488  0.472819  -1.01387
        0         0         0         1
4	11	57
0.0416995 -0.717247  0.696189   2.85855
 0.923178  0.294785  0.248406  -0.95862
-0.383229  0.632076  0.674149 -0.311904
        0         0         0         1
6	11	57
 0.198169  0.828903  0.523471  -1.32755
-0.692596  0.496347 -0.523758   2.49971
-0.693838 -0.258714  0.672331   2.39267
        0         0         0         1
1	11	57
 -0.218079  -0.894124  -0.391297    4.97534
   0.97306  -0.230265 -0.0161473   0.446587
  -0.07566  -0.384253   0.920193    1.23468
         0          0          0          1
5	11	57
    0.322884    -0.830726     0.453513      2.65292
    0.932077     0.362307 5.35733e-005    -0.799198
   -0.164352     0.422684     0.891269    -0.372013
           0            0            0            1
1	12	57
0.0858487 -0.985399 -0.148715   4.51534
 0.972983 0.0506042  0.226366 -0.461994
-0.215481  -0.16409  0.962881   1.27953
        0        -0         0         1
2	12	57
 -0.122989   0.988462 -0.0903534  -0.563007
 -0.748597 -0.0325872   0.662485    3.22959
  0.651784   0.149091   0.743839   -1.45257
         0          0          0          1
4	12	57
-0.140815 -0.682167  0.719874   3.50765
 0.890644  0.232857   0.39488  -1.62728
-0.436261  0.695575  0.573804 -0.420403
        0         0         0         1
3	12	57
 0.262547  0.949951  0.169378  -1.53426
-0.775161    0.1031  0.623316   2.92491
 0.574649 -0.294941  0.763422  0.271743
        0         0         0         1
6	12	57
 0.557621 -0.124671  0.820808  -1.04931
 0.523077  0.820591 -0.230718  -1.38008
-0.644716   0.55794  0.522737   1.07992
        0         0         0         1
5	12	57
 0.247891  0.924455  0.291278    -1.068
-0.790916 0.0191357   0.61237   3.24788
  0.56028 -0.382004  0.735575  0.134156
        0         0         0         1
7	11	57
-0.249524  0.430396  0.867786  0.904874
-0.965234 -0.035225 -0.260073   3.94349
-0.0813438 -0.902261  0.424105   2.70119
        0         0         0         1
0	11	57
 0.301746 -0.895017   0.32849     3.442
 0.860437  0.404045  0.310495  -1.02448
-0.410621  0.188953   0.89202  0.675774
        0         0         0         1
1	13	57
  0.711868   0.475112  -0.518108   0.112986
 -0.364061   0.879949   0.306715   0.285156
  0.601354 -0.0297032   0.799008  -0.735002
         0          0          0          1
2	13	57
 0.897867   0.36209 -0.250615 -0.591543
 -0.29186  0.915494  0.277075  0.279323
 0.329749 -0.175624  0.927634 -0.170151
        0         0         0         1
4	13	57
 0.950201 -0.100335  0.295473 0.0222914
-0.0662071  0.860631   0.50516 -0.594375
-0.304939 -0.499503  0.811027   1.90538
        0         0         0         1
3	13	57
  0.981317 -0.0713532   0.179529  -0.198109
  0.028485   0.972716   0.230905   -0.44676
 -0.191077  -0.221442   0.956429    1.40615
         0          0          0          1
6	13	57
 0.944386  0.305286  0.126594   -1.8457
-0.316371  0.945917 0.0790033 0.0284709
-0.0955767 -0.114598  0.989355  0.877108
        0         0         0         1
0	12	57
0.0288342 -0.901469   0.43193   3.53978
 0.895623  0.215199  0.389347 -0.888223
-0.443927  0.375611  0.813565   0.75748
        0         0         0         1
7	12	57
-0.362112  0.571124  0.736724  0.784562
-0.892838 0.0146675 -0.450215   3.71678
-0.267924 -0.820775  0.504592   3.50362
        0         0         0         1
0	13	57
 -0.118724  -0.893866  -0.432528    4.74539
  0.437499  -0.438137   0.785369    1.15123
 -0.891444 -0.0959795   0.443045    2.71537
         0          0          0          1
1	14	57
  0.981193   0.177753 -0.0760401 -0.0808507
 -0.122083   0.874641   0.469274   0.118768
  0.149914  -0.451138    0.87984   0.833175
         0          0          0          1
4	14	57
 0.657948 -0.330421   0.67674  0.735013
-0.310141   0.70001  0.643312  0.505526
 -0.68627 -0.633135  0.358084   2.97361
        0         0         0         1
3	14	57
-0.769624  0.507756  0.387617   1.75047
-0.284875 -0.816026  0.503322   3.54217
 0.571761  0.276893  0.772532 -0.824344
        0         0         0         1
6	14	57
 0.879664 -0.170283  0.447108 -0.792601
0.0574295  0.966599  0.255142 -0.261502
-0.474977 -0.198493    0.8589   1.89352
        0         0         0         1
5	14	57
 0.840773 -0.366274  0.398751  0.860442
 0.162478  0.873219  0.459508  0.146855
-0.516488 -0.321545  0.793667   1.96186
        0         0         0         1
2	15	57
 0.988679  0.142291 0.0476164  -1.28123
-0.0718974  0.170717  0.982694    1.1996
 0.131699 -0.974991  0.179016   2.26105
        0         0         0         1
4	15	57
  0.707779  -0.015853   0.706337  -0.322485
-0.0240295   0.998686  0.0464942  -0.459059
 -0.706106 -0.0498772   0.706429    2.24406
         0          0          0          1
7	13	57
  0.40846 -0.693612  0.593366   1.71308
 0.886594  0.146867 -0.438633 -0.172763
 0.217093  0.705232  0.674935 -0.653281
        0         0         0         1
6	15	57
  0.900964 -0.0546031   0.430707   -1.29316
  0.225373   0.906839  -0.356476  -0.300809
 -0.371076   0.418194   0.829242    0.72908
         0          0          0          1
5	15	57
  0.84075  0.111702  0.529984 -0.547906
-0.00604239  0.980484 -0.197066  0.213396
-0.541593  0.162463  0.824927   1.36422
        0         0         0         1
0	15	57
  0.952383 0.00625572   0.306966   -0.75042
-0.0131675    1.00035  0.0204686    0.02431
 -0.306746 -0.0235208   0.952185    1.34049
         0          0          0          1
1	16	57
  0.993889   0.113328 -0.0103372  -0.302399
 -0.110547   0.939926  -0.324167    0.26468
-0.0270102   0.323205   0.946347  -0.284208
         0          0          0          1
0	16	57
  0.792383   0.329392   0.513563   -1.11861
 -0.285648   0.944118  -0.164815   0.551261
 -0.539121 -0.0161011   0.842144    1.88167
         0         -0          0          1
6	16	57
   0.735654    0.232177    0.636429    -1.71474
   0.207101     0.81745   -0.537605 -0.00879224
  -0.645026    0.527261    0.553238     1.35677
          0           0           0           1
5	16	57
 0.722324  0.113795  0.682477 -0.496312
  0.11013  0.955129 -0.275817 0.0217657
-0.683077  0.274326   0.67722   1.52207
        0         0         0         1
7	14	57
0.0250218 -0.962149  0.271591   3.01156
 0.994209 0.0525034 0.0944035 -0.386906
-0.105083  0.267639  0.957834  0.758391
        0         0         0         1
4	17	57
-0.668915  0.728367   0.14844   2.42859
-0.431369 -0.542991  0.720474   2.07392
 0.605371  0.417904  0.677409  -1.75703
        0         0         0         1
0	17	57
 0.575016 -0.244552  0.780738 0.0448557
-0.148215  0.907353  0.393373  0.466178
-0.804605 -0.341913  0.485496   3.05701
        0         0         0         1
6	17	57
   0.425538   -0.508146    0.748802 -0.00577695
    0.59179    0.782263    0.194545   -0.927284
  -0.684617    0.360348    0.633599     1.80402
          0           0           0           1
7	15	57
  0.464873 -0.0856162    0.88146   0.278771
 0.0640077   0.996164  0.0630013  -0.137208
 -0.883292  0.0271269   0.468474    3.14914
         0          0          0          1
1	18	57
 0.958454   0.12158 -0.258981  0.548271
-0.0398586  0.953349   0.30004 -0.244096
 0.283309 -0.277184  0.918363  0.531382
        0         0         0         1
0	18	57
 -0.88865 0.0736874  0.452627   3.25705
 0.334967 -0.569809   0.75041   1.96545
 0.313207  0.818467  0.481677  -1.41084
        0         0         0         1
6	18	57
-0.880953  0.319104  0.349421    1.5448
-0.186705 -0.912902  0.362977   3.60575
 0.434813  0.254527  0.863801 -0.502358
        0         0         0         1
7	16	57
 0.247474  0.191236  0.949947  0.162089
 -0.18451  0.971799 -0.147567  0.228646
-0.951276  -0.13874  0.275751   3.60671
        0         0         0         1
6	19	57
-0.904244   0.33089  0.272267   2.62475
-0.185951 -0.875815  0.446815    3.4642
 0.386057  0.353176  0.852936  -1.27646
       -0         0         0         1
0	20	57
-0.645775 -0.402863  0.649241    2.3767
0.0907463 -0.884486 -0.458573     2.881
 0.758668  -0.23712  0.607483 -0.259539
        0         0         0         1
4	20	57
 0.938574  0.154317   0.31011  -0.16274
-0.294189  0.827951  0.478386  0.139939
-0.182851 -0.539987  0.822121  0.947778
        0        -0         0         1
6	20	57
  0.978557 -0.0912019  -0.185105   0.639859
 0.0445604   0.969327  -0.242025   0.981496
  0.201485   0.228569   0.952531    -0.7484
        -0          0          0          1
5	20	57
  0.997983  0.0667755 -0.0119761   0.583219
-0.0654053   0.993935  0.0915909   0.789824
  0.018014 -0.0905965   0.996012  -0.240501
         0          0          0          1
5	21	57
 -0.520895   0.043734   0.852724    2.17352
 -0.135487  -0.990457 -0.0319659    4.18607
  0.843027   -0.13216   0.521749   -1.15387
         0          0          0          1
1	22	57
 0.175512 -0.983904 0.0335794   4.42478
 0.945508  0.158965 -0.284154 -0.424187
 0.274242 0.0816226  0.958191 -0.536295
       -0         0         0         1
4	22	57
 -0.753995 0.00923526   0.657044    3.16879
  0.243789  -0.924747   0.292759    2.80206
  0.610212   0.380862   0.694899   -2.11267
        -0          0          0          1
3	22	57
 0.535276  0.822342 -0.193183  -1.75538
 -0.32674  0.412459  0.850414   1.02932
 0.778978 -0.392069   0.48945 0.0254508
        0         0         0         1
1	23	57
-0.0709745   -0.44788   0.891334    2.33794
  0.961642  -0.268262 -0.0582241   0.437833
  0.265174   0.852964   0.449715   -1.94189
        -0          0          0          1
4	23	57
 0.809081  0.132386 -0.573253  0.436146
-0.0136501  0.978684   0.20675 -0.782788
 0.588183 -0.159392  0.793342 -0.741955
        0         0         0         1
0	23	57
-0.0228941  -0.992413  -0.122688    4.60478
  0.975995 -0.0488869   0.213313  -0.560089
 -0.217643  -0.114833   0.969486   0.758467
         0          0          0          1
3	23	57
   0.730168    0.136052    -0.66982    0.652085
  -0.190372    0.981839 -0.00809392    0.186126
   0.656451    0.133404     0.74269    -1.24495
          0           0           0           1
6	23	57
 0.129767 -0.934288  0.344792   2.60502
  0.98014 0.0582437 -0.211066 -0.462012
 0.176356   0.36377  0.919339  -1.04796
        0         0         0         1
5	23	57
 0.701138  0.120165  0.703182 -0.504658
-0.0370731  0.990762 -0.132344  0.237663
-0.712412 0.0667047  0.698942   1.74869
        0         0         0         1
7	20	57
 0.883522 -0.055688  0.465426  0.436314
-0.126432  0.927966  0.351035   0.87133
-0.451374  -0.36893  0.812702  0.823122
        0         0         0         1
2	24	57
 0.534757  0.394095 -0.747478  0.282101
-0.242716  0.918944  0.310855  0.251803
 0.809397  0.015193  0.587065  -1.61875
       -0         0         0         1
4	24	57
  0.989938   0.121497 -0.0801063  -0.153709
-0.0574394   0.832256   0.552456  -0.721435
  0.133714  -0.541983    0.83038   0.346407
         0          0          0          1
7	21	57
 0.880281  0.157866  0.447478 -0.350072
-0.0710911  0.976292 -0.204575  0.460359
-0.469152  0.148267  0.870612  0.347701
        0         0         0         1
2	25	57
   0.82944   0.256782  -0.496132   0.408192
  -0.17166   0.962307   0.211076  -0.217012
  0.531617 -0.0899049   0.842232   -1.46488
         0          0          0          1
1	25	57
   0.84191   0.384514  -0.378598    1.10035
 -0.308237   0.918559   0.247466   0.377953
  0.442918 -0.0916449   0.891865   -1.11713
         0          0          0          1
0	25	57
   0.99931  0.0360252 -0.0110093 0.00308965
-0.0278111    0.90269   0.429435    -1.0711
 0.0254082  -0.428824   0.903052   0.265022
         0          0          0          1
3	25	57
  0.910727 -0.0306897   0.411868  -0.759858
-0.0708135   0.970864   0.228926  -0.232931
 -0.406895  -0.237656   0.882018   0.914611
        -0         -0         -0          1
6	25	57
  0.984168  -0.164437  0.0677192  -0.487849
  0.173935   0.969385  -0.173933 0.00613855
-0.0370412   0.182939   0.982535  -0.864723
         0          0          0          1
5	25	57
  0.968693   -0.02917   0.247966 -0.0616441
-0.00162649   0.992743   0.123139   0.246083
 -0.249671  -0.119646   0.961278 -0.0298817
        -0         -0         -0          1
7	22	57
-0.187389  0.701842  0.687581 -0.186522
-0.982512 -0.130668 -0.134388   4.34443
-0.00447317 -0.700576  0.713888    2.6477
        0         0         0         1
7	23	57
-0.638231 -0.210007  0.749336   2.64115
-0.00722209 -0.967473 -0.277293   4.12169
 0.778175  -0.18122  0.612006 0.0139023
        0         0         0         1
1	26	57
  0.778201 -0.0975608   0.620391  -0.472899
 -0.626748  -0.183383   0.757336    2.34606
 0.0398827  -0.978189  -0.203855    2.57654
         0          0          0          1
2	26	57
-0.243809  0.880071  0.407469 -0.443581
-0.679718 -0.454751  0.575486   2.63575
 0.691766 -0.136655  0.709073  -1.17357
        0         0         0         1
4	26	57
-0.953116 -0.261874  0.187996   3.46795
 0.150949 -0.881012 -0.461934    3.0933
 0.284842 -0.409378  0.873857 -0.594038
        0         0         0         1
6	26	57
 0.767279 -0.316123  0.560097   -0.9553
 0.304491  0.946536  0.117109 -0.367392
-0.566505 0.0805944  0.821545  0.463616
       -0        -0         0         1
7	24	57
 0.968083   0.11443   0.22373 -0.818842
-0.234121  0.734236   0.63751  0.276933
-0.0913062 -0.669431  0.737469   2.02632
        0         0         0         1
1	27	57
 0.790886  0.162972  0.590112  -1.28893
-0.611064   0.15138   0.77716   1.03909
 0.037319 -0.975099  0.219278    2.3393
        0         0        -0         1
6	27	57
 0.566067 -0.101027  0.818657  -1.74141
 0.418029  0.891077 -0.179086 -0.659971
-0.711096  0.443411  0.546412  0.543298
        0         0         0         1
4	27	57
  0.498175  -0.763297   0.412123    1.40228
 -0.693742 -0.0652683    0.71771    1.50611
 -0.520759  -0.643245  -0.561865    4.58067
         0          0         -0          1
5	27	57
 0.511961 -0.535301  0.672062  0.076546
  -0.6944   0.20293  0.690613   1.62497
-0.505987 -0.820116 -0.267778   4.54323
        0         0        -0         1
3	27	57
 0.0458046   0.185263  -0.982266    3.16108
  0.242573  -0.955964  -0.168991    3.43525
 -0.969705  -0.230384 -0.0886716    5.12946
         0          0          0          1
7	25	57
 0.682819     -0.15  0.715187 -0.425235
-0.271532  0.856656  0.438914 -0.198672
-0.678427 -0.493837  0.544148   2.47193
        0         0         0         1
6	29	57
-0.754498  0.644064 -0.126153   2.36823
 -0.65367 -0.754657 0.0566409   4.13952
-0.0587218  0.125198  0.990393  -1.26038
        0         0         0         1
1	30	57
 -0.927343  -0.374209 0.00126959    4.89378
  0.297605  -0.735445   0.608731    1.64058
 -0.226859    0.56488   0.793376   -1.04108
         0          0          0          1
4	30	57
-0.764188  0.636505  0.126837   1.55658
-0.409162 -0.624574  0.669106   1.58557
 0.503798  0.458234  0.735812  -2.05197
       -0         0         0         1
0	30	57
-0.952105  0.284388 -0.112338   3.83998
-0.259926 -0.559259   0.78719   1.00518
 0.161041  0.778687  0.606393  -1.57409
       -0         0         0         1
1	31	57
-0.118485  0.678421  0.725056  0.289722
 0.103774  -0.71774  0.688534   1.22125
 0.987518  0.156823 0.0146391  -2.25221
       -0         0         0         1
4	31	57
 0.198785 -0.980021  0.015002   2.36838
 0.919885  0.181258 -0.348053 -0.784497
 0.338349 0.0829797  0.937453  -1.64293
       -0         0         0         1
2	31	57
  -0.93142  -0.265214   0.249238    3.57788
-0.0484618  -0.588341  -0.807159    4.57891
  0.360707  -0.763882    0.53514 -0.0124053
         0          0          0          1
0	31	57
  0.992302   0.134221 -0.0123263   0.692103
 -0.106634   0.837769   0.538147 -0.0819023
 0.0824401  -0.531938   0.844439  -0.343433
         0          0          0          1
6	31	57
 0.908056 -0.400925 -0.142725   0.27072
 0.352238  0.896797 -0.278137   1.11891
  0.23883  0.201719  0.952863  -1.21218
       -0         0         0         1
2	32	57
 -0.985526 -0.0640361   0.157338    2.71476
-0.0083534  -0.906892  -0.421421    4.35772
  0.169665  -0.416612   0.893178  -0.491825
         0          0          0          1
1	32	57
  0.14254 -0.913805 -0.382298   4.79287
 0.902627  0.278908 -0.330129  0.251342
 0.407991 -0.297792   0.86393 -0.892897
        0         0         0         1
3	32	57
  0.660786   0.746014   0.100776   -1.53309
-0.0577436 -0.0834682   0.996508   0.134139
  0.750572  -0.663195  -0.012057    1.25991
         0          0          0          1
5	32	57
 0.909756 -0.230015  0.345643  0.608469
  0.32409  0.913787 -0.244932   0.91912
-0.259502  0.334842  0.905854  -1.05843
        0         0         0         1
6	32	57
   0.92907  -0.358975 -0.0982048   0.632447
  0.221166   0.320143   0.922102  -0.934908
  -0.29932  -0.877681   0.376513    2.23472
         0         -0          0          1
6	33	57
 0.963699    0.2051  0.171888   -1.0903
-0.0831653  0.840161 -0.536228  0.856574
-0.254352  0.502385  0.826584  -1.51639
       -0         0        -0         1
4	33	57
 -0.503849  -0.102881    0.85867   0.885459
  0.151384  -0.988921 -0.0296591    3.43183
  0.851457   0.114944    0.51339   -1.57712
        -0          0          0          1
2	33	57
 -0.952193 -0.0295089   0.305757    2.53511
-0.0574896  -0.961171  -0.271801    4.74339
   0.30175  -0.276243   0.913054   -1.07414
         0          0          0          1
0	33	57
  -0.818344   -0.211406    0.545147     2.36293
    0.24678   -0.974991 -0.00764568     3.08939
   0.530074     0.12754    0.845175    -1.62194
         -0           0           0           1
3	33	57
-0.719308 0.0317194  0.694048   1.20833
-0.204611 -0.964379 -0.167984   4.64736
  0.66396 -0.262829  0.700137 -0.639145
        0         0         0         1
4	34	57
   0.861488    0.429263    0.319789     -1.6664
   -0.51824    0.820547    0.294655    0.491203
  -0.134008   -0.413678    0.916299 -0.00241091
          0          -0           0           1
2	34	57
-0.869952 -0.280222  0.418262    3.4223
 0.502422 -0.429729  0.757093 0.0441218
-0.0322487  0.864345  0.512008  -1.78306
        0         0         0         1
0	34	57
   0.98573  0.0786818  -0.148814   0.401708
-0.0650681    0.99342  0.0942429  -0.707366
   0.15525 -0.0832151   0.984364   -1.34119
         0          0          0          1
1	34	57
-0.920078 -0.374627  0.114502   4.40959
 0.272064 -0.821399 -0.501283   4.38463
 0.281846 -0.430068  0.857674 -0.728475
        0         0         0         1
6	34	57
-0.626981 -0.186419  0.761579   1.24639
-0.345388 -0.809756 -0.482558   5.21425
  0.70389 -0.563386  0.441583 -0.286093
        0         0         0         1
3	34	57
-0.705461  0.444576  0.551975   1.24814
 0.356122 -0.451002  0.818398  0.312226
 0.612782  0.773918  0.159841  -1.98782
       -0         0         0         1
5	34	57
  0.982474   0.186257 0.00720007 -0.0529144
 -0.184457   0.977086  -0.106202    1.10992
-0.0268159   0.103013   0.994319   -1.56904
        -0          0         -0          1
4	35	57
 0.817535  0.367595 -0.448182  0.145319
-0.0649728  0.828109  0.560689   -1.0917
 0.575996 -0.428331   0.69937 -0.419629
        0         0         0         1
1	35	57
0.0601364 -0.582237  0.810858   2.36383
 0.960616 -0.187172 -0.205644  0.581243
 0.271489  0.791248  0.548021  -2.08355
       -0         0         0         1
2	35	57
 0.223093  0.672386 -0.706131  0.704233
-0.400011  0.723728  0.562765  0.389213
 0.889222  0.156873  0.430313  -1.84299
       -0         0         0         1
0	35	57
 0.363485  0.343321 -0.867418    1.6498
-0.0276351  0.934489  0.358288 -0.904879
 0.932481 -0.106133  0.348742  -1.02533
        0         0         0         1
3	35	57
 0.611883  0.295935 -0.733541  0.733272
-0.259545  0.951172  0.167235 0.0471856
 0.747192 0.0880563  0.658795  -1.30883
       -0         0         0         1
6	35	57
   0.5525  0.434147 -0.711957 0.0722519
-0.469967  0.867606  0.164354  0.242809
 0.688837  0.243715  0.683174  -1.94547
       -0         0         0         1
5	35	57
  0.618875   0.456267  -0.639965   0.881524
 -0.290773   0.889668   0.353103    0.34334
  0.730196 -0.0324303   0.683011   -1.46917
         0          0          0          1
1	36	57
-0.678339 -0.424317  0.599942   3.03148
-0.190565 -0.686972 -0.701337   4.45832
  0.70969 -0.590037  0.385116  0.214237
        0         0         0         1
3	36	57
 0.761007  0.374982 -0.529948  0.792017
-0.208763  0.914533  0.347324 -0.027014
 0.614714 -0.153636  0.774022 -0.794139
        0         0         0         1
4	36	57
  0.298783  -0.715612   0.631517    1.20608
   0.12914  -0.625341  -0.769712    3.14059
  0.945641   0.311502 -0.0944179  -0.716149
        -0          0         -0          1
6	36	57
  0.374175   0.627641   0.682987   -1.52312
 -0.850501 -0.0617838   0.522725    1.95026
  0.370205  -0.776312   0.510587   0.783235
         0          0          0          1
1	37	57
-0.417425  0.793342  0.443751   0.30869
-0.698518 -0.592425  0.402064   2.41722
 0.581703 -0.142097  0.801236  -1.75265
        0         0         0         1
2	37	57
  0.234484  -0.969774 -0.0722417    3.06725
  0.896955    0.18697   0.401471  -0.691232
 -0.375704  -0.158884   0.913382  -0.903061
         0         -0          0          1
4	37	57
 0.553229  0.487033  0.676235  -1.21823
-0.573433 -0.366498  0.733082  0.951596
 0.604705 -0.793118 0.0765022  0.911187
        0         0         0         1
6	37	57
  0.838984    0.26845  -0.473403    0.30151
 -0.351117   0.931643 -0.0939627   0.617454
  0.415804   0.245045   0.875861   -2.10204
        -0          0          0          1
3	37	57
  -0.173974   -0.983909  -0.0513057     3.69161
   0.946061   -0.181375    0.270272    0.230936
  -0.275095 -0.00151761    0.961923   -0.809161
         -0          -0          -0           1
7	36	57
 0.533188 -0.562454  0.632448  0.577124
 0.083848 -0.708704 -0.700959   3.90836
 0.842208  0.426637 -0.330607  0.372976
        0         0         0         1
1	38	57
   0.68945   0.412397  -0.595634   0.925462
 -0.318374   0.911068   0.262272 -0.0313712
  0.650761 0.00880963   0.759359   -1.71184
        -0          0          0          1
0	38	57
  0.905196   0.410104  -0.111554  -0.377537
 -0.302274   0.805737    0.50934  -0.241298
  0.298763  -0.427331    0.85331 -0.0277608
         0          0          0          1
3	38	57
  0.745098  -0.157263  -0.648265    1.57382
  0.651357 -0.0381587    0.75791  -0.575892
 -0.143918  -0.986895  0.0739974    3.63012
        -0         -0         -0          1
6	38	57
  0.956301   0.282223 -0.0832357   -1.21289
 -0.285225   0.958664  -0.026472 -0.0328765
 0.0722843  0.0490301   0.996725  -0.979026
        -0          0          0          1
5	38	57
 0.987711  0.119695 -0.108677 0.0934598
-0.106737  0.988103  0.118196  0.334274
 0.121427 -0.105054  0.987891 -0.692304
        0         0         0         1
7	37	57
 0.798349 -0.275466   0.53558   -0.1656
 0.587051  0.157271 -0.794182   2.74734
 0.134533  0.948405  0.287257  -1.00511
        0         0         0         1
4	39	57
 0.710492 -0.274728  0.649101 -0.138212
-0.0674189  0.890937  0.450878 -0.954816
-0.701613 -0.363815  0.613989   2.22746
       -0        -0        -0         1
6	39	57
-0.889568  0.270781  0.369025   2.58362
-0.0241282 -0.833191  0.553212   2.79056
 0.457078  0.483014  0.747403  -2.30315
       -0         0         0         1
7	38	57
   0.12437  -0.490022   0.864601    1.16923
 0.0600579  -0.866047  -0.499481    4.47595
  0.991993   0.113869 -0.0781579  -0.711112
         0          0          0          1
7	39	57
-0.587923 -0.456286  0.668555   3.11868
 0.103587 -0.861924 -0.497165   4.18882
 0.802765  -0.22295  0.553785  -1.11888
        0         0         0         1
1	40	57
  0.704649 -0.0140873   0.709464  -0.231502
 -0.707497  0.0630473   0.703947    1.90348
-0.0546444  -0.997944  0.0344585    2.48577
        -0         -0         -0          1
6	40	57
 0.586302 -0.609031  0.534186 -0.618757
 -0.47783  0.272502  0.835131   0.60703
 -0.65418  -0.74488 -0.131243   3.78042
        0         0        -0         1
5	40	57
  0.636789  -0.640084   0.429874   0.537005
 -0.577458 -0.0264737   0.815991    2.15287
 -0.510922  -0.767848   -0.38648    4.00858
         0          0         -0          1
4	40	57
 0.414707  -0.81558  0.403645   1.78856
-0.816082 -0.137054  0.561524   2.47442
-0.402631 -0.562252 -0.722387   3.35478
        0         0        -0         1
3	40	57
-0.910569   0.12431 -0.394222   3.81497
 0.138902  -0.80623 -0.575063   3.59264
 -0.38932 -0.578394  0.716861   2.07992
        0        -0         0         1
1	42	57
  0.41846  0.357358  -0.83503   2.69436
 0.830976  0.220543  0.510812  -1.57645
 0.366686 -0.907604 -0.204658   2.15894
        0         0         0         1
2	42	57
-0.393231 0.0938278 -0.914639   4.38098
 0.870727  0.357504 -0.337677  0.299524
 0.295304 -0.929187  -0.22228   2.18059
        0         0         0         1
0	42	57
-0.471727 -0.194416 -0.860045   5.36614
  0.86615 0.0804672 -0.493265   1.22535
 0.165104 -0.977613  0.130436    2.0657
        0         0         0         1
6	42	57
 0.353013 -0.514756  0.781411 -0.465499
-0.716748  0.388146  0.579492   1.43382
 -0.60154 -0.764568 -0.231907   4.23268
        0         0        -0         1
3	42	57
-0.965148 0.0164426 -0.261225   4.11129
0.0963882  -0.90557 -0.413125   4.20584
-0.243348 -0.423901  0.872415  0.359577
        0        -0         0         1
0	44	57
 0.917955 -0.319729  0.234803  0.215851
-0.214579 0.0976183  0.971816 -0.485132
-0.333639 -0.942467 0.0210018   3.93513
       -0        -0        -0         1
3	44	57
   -0.28465  -0.0847514   -0.954893     3.84051
   0.284538    -0.95868 0.000267816     3.42588
  -0.915447   -0.271623    0.296999     3.22711
         -0          -0          -0           1
6	44	57
 0.804651 -0.359321   0.47294 -0.792988
-0.217743  0.562455  0.797795 -0.757686
-0.552603 -0.744835  0.374294   3.13324
       -0        -0        -0         1
3	45	57
 0.543425 -0.800017 -0.255336   3.25647
 0.813355   0.42572  0.397177  -2.29153
-0.208991 -0.423401  0.881811    1.0168
        0        -0         0         1
6	45	57
 0.772973 -0.530311 -0.348297   1.75279
 0.633272  0.678474  0.372379  -1.91327
 0.038833 -0.508399  0.860261  0.925022
        0         0        -0         1
5	45	57
 0.620778  -0.67517 -0.398493   3.45522
 0.780055  0.481013  0.400196  -1.56142
 -0.07852 -0.559275  0.825265   1.12506
        0        -0         0         1
7	45	57
 0.996445 0.0660914 0.0592775 -0.888472
-0.0483131   0.96406 -0.262749 -0.331702
-0.0744834  0.258849  0.963449  -1.55699
       -0         0        -0         1
6	46	57
 0.977311 -0.137629  0.161005 -0.385391
 0.205794  0.796898 -0.567981  0.887788
-0.0501347  0.588228   0.80714  -1.65172
        0         0         0         1
5	46	57
 0.973412  0.115716  0.197683 -0.208208
-0.0669834   0.96909  -0.23744  0.677177
-0.219048  0.217885  0.951075  -1.07487
       -0         0        -0         1
7	46	57
  0.71671  0.171907  0.675919  -1.29141
-0.258598  0.965609 0.0286207 -0.126019
-0.647724 -0.195295  0.736483   1.59305
        0        -0         0         1
4	47	57
 -0.872337 -0.0611582    0.48552    2.33653
  0.116945  -0.989678  0.0854527    3.47127
  0.475178   0.131294   0.870293   -2.89655
        -0          0          0          1
3	47	57
 0.481393 -0.675718 -0.558518   3.39651
 0.868699  0.281988  0.407582  -1.44041
-0.117899 -0.681297  0.722642   1.71102
        0        -0         0         1
7	47	57
  0.970337  0.0823892  -0.227323 -0.0285868
-0.0835098   0.996505  0.0047018  -0.698573
  0.226914  0.0144209   0.973817   -1.54038
        -0          0          0          1
1	48	57
-0.917333 -0.341115  0.205283   4.16118
 0.369486  -0.53743  0.758056  0.486907
-0.148259  0.771238   0.61904  -1.86106
        0         0         0         1
2	48	57
-0.585767  0.300643 -0.752656   4.48113
-0.779309 -0.463998   0.42117   4.05451
-0.222608  0.833259  0.506088  -1.55418
        0         0         0         1
3	48	57
 0.921446 -0.153117  0.357083  -1.24999
 0.146823  0.988154 0.0448435 -0.491828
-0.359716 0.0111069  0.933004 -0.465774
       -0        -0         0         1
5	48	57
-0.516833  0.640425 -0.568101    3.0611
-0.855287 -0.414936   0.31034   4.08495
-0.0369758  0.646285    0.7622  -2.09018
        0         0         0         1
3	50	57
-0.452035 -0.662077  0.597761   1.82458
 0.168971  0.594445  0.786183 -0.503482
-0.875849  0.456387 -0.156837   3.03323
        0         0         0         1
1	51	57
-0.824821 0.0751691 -0.563778   5.24189
-0.414316 -0.759799   0.50485   1.58944
-0.389663  0.648753  0.656587 -0.333731
        0         0         0         1
0	51	57
  0.59045 -0.165507  0.790447 -0.819276
 0.773776  0.396305 -0.495017   0.68574
-0.231234  0.903537  0.361913 0.0180395
        0         0         0         1
6	51	57
-0.663773  0.685564 -0.300095   2.90754
-0.726274 -0.686867 0.0372877   3.81275
-0.180504  0.242622  0.953521  -1.02426
        0         0         0         1
5	51	57
  0.321697  -0.147302   0.935398  0.0334124
  0.941106 -0.0596128  -0.333048    1.58015
  0.104812   0.987372   0.119441  -0.554485
        -0          0          0          1
7	51	57
  0.432757   0.456508   0.778723   -1.16982
   0.63622   0.458361  -0.622267    1.17988
 -0.640338   0.763933 -0.0919851    2.10049
         0          0          0          1
1	52	57
-0.543966  0.320003 -0.775692    4.8141
-0.745294 -0.608991  0.271416   2.81678
-0.385536   0.72576  0.569767 -0.356059
        0         0         0         1
2	52	57
  -0.76567   0.377298  -0.520988    4.02376
 -0.189927   0.641225   0.743499 -0.0829173
  0.614581   0.668214  -0.419301   0.347712
        -0          0         -0          1
4	52	57
-0.749817   0.64693  0.338357   1.57679
-0.161886 -0.620278   0.82721  0.281301
 0.711897  0.540338  0.544488  -1.95144
       -0         0         0         1
3	52	57
-0.0487025  0.559406 -0.827462   3.33581
-0.273371  0.789346  0.549727  0.330216
 0.960675  0.252977  0.114482 -0.427663
       -0         0         0         1
1	54	57
-0.760241 0.0482539 -0.647847   5.23091
-0.457315 -0.748038  0.480938   2.19695
-0.461407  0.661898  0.590757 -0.270121
        0         0         0         1
6	54	57
  0.503558  -0.140241   0.852503   -1.79958
  0.822783   -0.22316  -0.522712    1.92382
  0.263552    0.96464 0.00301429   -0.16921
        -0          0          0          1
5	54	57
   0.555327   0.0304875    0.831073   -0.896928
   0.829774   0.0464496   -0.556163     2.20405
 -0.0555588    0.998456 0.000496233    0.212999
         -0           0           0           1
1	55	57
-0.458271  0.269399 -0.847002   5.21576
-0.807165 -0.525118  0.269697   2.92774
-0.372119  0.807264  0.458097 -0.161814
        0         0         0         1
6	55	57
 0.192002 -0.245032  0.950313 -0.911492
 0.915166 -0.304988  -0.26354   1.07283
  0.35441  0.920295  0.165687 -0.951092
       -0         0         0         1
5	55	57
 -0.128093   0.908619  -0.398374    2.57554
 -0.979062  -0.180714 -0.0973679    4.85605
 -0.160406   0.377429   0.912424   -1.22719
        -0          0         -0          1
7	55	57
 0.239305  0.463345  0.853391 -0.872106
 0.888496  0.250184 -0.384985  0.497081
 -0.39184  0.850265 -0.351769   1.57052
        0         0         0         1
11	12	57
 0.931826   0.30769  0.194286 -0.734186
-0.260224  0.936774 -0.235496   0.64742
 -0.25437  0.168822  0.952636  0.358909
       -0         0        -0         1
10	11	57
0.924895 0.315928 0.213802 -0.35516
-0.156621 0.825777 -0.54269 0.810974
-0.347839 0.468223 0.812851 -0.19039
       0        0        0        1
12	13	57
 0.890635 -0.131733  0.435382  0.392647
-0.189528  0.762698  0.618475  0.920093
-0.413509 -0.633308  0.654272   2.33197
        0         0         0         1
13	14	57
   0.910235    -0.23906    0.358137    0.374273
   0.220984    0.978148   0.0912759 -0.00345743
  -0.369565 -0.00391257    0.936667     0.71388
         -0          -0          -0           1
14	15	57
 0.982346  0.184357 0.0408631  -0.25558
-0.120739  0.779667 -0.614982  0.712687
-0.145188  0.598993  0.787902 -0.797172
        0         0         0         1
9	10	57
  0.742348 -0.0455641   0.668998   0.546035
0.00159027   0.998162  0.0662188   0.227369
 -0.670546 -0.0480761   0.740791    1.69647
         0          0          0          1
11	13	57
 -0.225737   0.925348   0.304993   0.292089
 -0.922244  -0.303911    0.23948    3.85423
  0.314254   -0.22719   0.921887 -0.0271668
         0          0          0          1
12	14	57
 0.510303 -0.583212    0.6328   1.77281
-0.128056  0.676038  0.726329   1.05398
-0.850984  -0.45146  0.270167   2.92525
       -0        -0        -0         1
10	12	57
 0.879024  0.266582  0.395475  -0.27964
0.0265768  0.800596 -0.598738  0.210963
-0.476193  0.536776  0.696606 0.0475372
        0         0         0         1
11	14	57
 0.450624  0.774436  0.444304 -0.592043
-0.891964  0.412477  0.185692   3.05499
-0.0394549 -0.479928  0.876545   1.10516
        0        -0         0         1
