1	2	57
  0.94938  0.114749 -0.292423  0.232028
-0.115381  0.993206 0.0151451 0.0746174
 0.292174 0.0193616  0.956169 -0.397134
        0         0         0         1
4	5	57
  0.955176 -0.0627897   0.289303   0.257959
-0.0348831   0.946568   0.320613  -0.959045
 -0.293976  -0.316334   0.901949   0.805209
         0          0          0          1
6	7	57
 0.802694 0.0191604 -0.596083  0.434051
-0.290266  0.885667 -0.362408  0.750099
 0.520988  0.463925  0.716481  -1.82278
        0         0         0         1
0	1	57
 0.848881 -0.152508  0.506104  0.377709
0.0212779  0.966556  0.255571 -0.405839
-0.528155  -0.20618  0.823737   1.67282
        0         0         0         1
4	6	57
 0.945701  -0.15125  0.287704   1.28828
-0.0227423  0.852178  0.522758   -0.8174
-0.324242 -0.500916  0.802466  0.665287
        0         0         0         1
1	3	57
 0.548768  0.261366 -0.794066   1.45246
-0.248629  0.957914  0.143472  0.238272
 0.798146  0.118695  0.590656  -1.42792
        0         0         0         1
3	4	57
  0.998842 -0.0165598 -0.0451663   0.051181
0.00314024   0.959326  -0.282282   0.684917
 0.0480039   0.281813   0.958268  -0.184117
         0          0          0          1
1	4	57
  0.53269 0.0227076 -0.846006   1.68248
-0.247268  0.960198  -0.12992  0.900397
 0.809383  0.278397  0.517103  -1.43872
        0         0         0         1
3	5	57
  0.963036 -0.0764358   0.258302   0.286263
 0.0610777   0.995883   0.066979  -0.499858
 -0.262358 -0.0487266    0.96374   0.388188
         0          0          0          1
2	3	57
 0.794824  0.167058 -0.583393  0.783636
-0.176261  0.983469 0.0414828  0.343725
 0.580678 0.0698576  0.811131  -1.36326
        0         0         0         1
4	7	57
   0.970323 -0.00951846   -0.241626    0.962063
  0.0364955    0.993544     0.10742    -1.25329
   0.239043    -0.11305    0.964406    -1.09419
          0           0           0           1
3	6	57
 0.947188 -0.228937  0.224552   1.42949
 0.168964  0.951443  0.257309 -0.349653
-0.272556 -0.205778  0.939877  0.236249
        0         0         0         1
0	2	57
  0.969711 -0.0529391    0.23845   0.363835
-0.00394438   0.972709   0.231996  -0.464647
 -0.244225  -0.225909   0.943037    1.16866
         0          0          0          1
5	6	57
  0.996902 -0.0416096  0.0667549   0.982204
 0.0251528   0.972705   0.230678  0.0845218
-0.0745312  -0.228284   0.970738   0.276029
         0          0          0          1
1	5	57
 0.752005  0.226811 -0.618907   1.23824
-0.210138  0.972437   0.10104 -0.211952
 0.624765 0.0540737  0.778939  -1.09634
        0         0         0         1
6	8	57
   0.97314 0.00947726  -0.230019     0.4962
 -0.125393   0.859754  -0.495076   0.751547
  0.193068   0.510621   0.837849   -2.07471
         0          0          0          1
7	8	57
  0.922061  0.0126733   0.386837  -0.059315
 0.0131578    0.99786 -0.0640539 -0.0795197
 -0.386821  0.0641515   0.919921  -0.259683
         0          0          0          1
1	6	57
 0.787252  0.333686 -0.518543   1.84491
-0.166146  0.924616  0.342754 -0.369332
 0.593826  -0.18368  0.783347 -0.193219
        0         0         0         1
2	4	57
  0.748669 -0.0104696  -0.662862    1.06683
 -0.165588    0.96523  -0.202268   0.936724
  0.641931   0.261194   0.720904   -1.42632
         0          0          0          1
5	7	57
 0.842144 0.0494307 -0.536982   1.15902
-0.156885  0.975174 -0.156274  0.292688
 0.515927   0.21585  0.828992  -1.64188
        0         0         0         1
4	9	57
-0.576807  0.482762  0.658965   1.16228
 0.440067 -0.495982  0.748561  0.843582
 0.688211  0.721764 0.0736383  -1.67401
        0         0         0         1
2	5	57
  0.917228   0.149654  -0.369182   0.685651
 -0.123434    0.98791  0.0937949  -0.227985
  0.378756 -0.0404618   0.924612  -0.884795
         0          0          0          1
6	9	57
  0.994722  0.0767091 -0.0681499   0.480653
-0.0729198   0.995739  0.0564553   0.515429
 0.0721901 -0.0511881   0.996077  -0.343939
         0          0          0          1
1	9	57
-0.869226 -0.457741  0.186869   4.95476
 0.483666 -0.708863  0.513402   1.62176
 -0.10254  0.536644  0.837555 -0.669526
        0         0         0         1
0	3	57
 0.913719  0.122053 -0.387583   0.83023
-0.0208751  0.966664  0.255198 -0.515391
  0.40581 -0.225088  0.885807 -0.326595
        0         0         0         1
1	10	57
  0.56245 -0.574374 -0.594765   2.60697
 0.788374  0.589372  0.176375 -0.987443
 0.249232 -0.568099  0.784313  0.928213
        0         0         0         1
4	10	57
-0.198644 -0.886906  0.417059   3.61855
 0.979019 -0.159849  0.126373  -0.45251
-0.0454149  0.433412  0.900051 -0.747804
        0         0         0         1
3	10	57
-0.452801  0.787952  0.417257  0.386402
-0.332069 -0.583346   0.74124   3.06059
 0.827467  0.197076  0.525794  -1.09545
        0         0         0         1
7	10	57
-0.0716771 -0.0747924    0.99462    1.65586
 -0.990513   0.122554 -0.0621656    3.83902
 -0.117245   -0.98964 -0.0828671     2.8489
         0          0          0          1
3	11	57
 0.0199405  -0.997236 -0.0715789    3.17918
 -0.056256  0.0703606  -0.995934    4.07065
  0.998217  0.0238862 -0.0546975  -0.010873
         0          0          0          1
4	11	57
-0.0911903  0.728583  -0.67886   2.40063
 0.911187  0.336082    0.2383   -1.0215
 0.401774 -0.596838 -0.694523   2.67082
        0         0         0         1
1	11	57
-0.431052 0.876193 0.215592  1.07926
0.831968 0.293433 0.470878 -1.12906
0.349319 0.382338 -0.85545    1.738
       0        0        0        1
7	11	57
  0.207695   0.196936   0.958165   0.748589
 -0.486084   0.870806 -0.0736157    1.34498
 -0.848873  -0.450459   0.276589    2.82115
         0          0          0          1
0	4	57
   0.88994 0.00455795  -0.456056    1.01841
-0.0180717   0.999517 -0.0252753   0.128628
   0.45572  0.0307352   0.889592  -0.669735
         0          0          0          1
6	10	57
 -0.378858  -0.443197  -0.812431    3.48737
 -0.895265 -0.0468807    0.44306    2.34913
  -0.23445   0.895198  -0.379017    1.58261
         0          0          0          1
2	6	57
 0.953138  0.136656 -0.269915   1.64794
-0.086886  0.978231  0.188454 -0.107822
 0.289792 -0.156171  0.944262 -0.493201
        0         0         0         1
4	12	57
 0.969414 -0.205995 -0.133431  0.541681
 0.169034  0.954532 -0.245555  -1.07888
 0.177948   0.21549  0.960156  -0.89522
        0         0         0         1
6	11	57
  0.670689  -0.538099   0.510516  -0.354533
   0.71767   0.644678  -0.263327   -1.21182
 -0.187422   0.542992   0.818555 -0.0871457
         0          0          0          1
3	12	57
 0.554839  0.828199 0.0789955  -1.84291
-0.601582  0.333799  0.725726   1.89314
 0.574676 -0.450184  0.683434   0.90274
        0         0         0         1
5	8	57
  0.98954 0.0176931 -0.143172    1.2445
-0.0604474  0.951978 -0.300141  0.384421
 0.130986  0.305656  0.943089  -1.96111
        0         0         0         1
1	12	57
 0.237887 -0.932302 -0.272438   4.25576
 0.956465  0.176029  0.232783 -0.832461
-0.169067 -0.315953   0.93359   1.50761
        0         0         0         1
7	12	57
  0.657375  -0.675694   0.333612    1.73289
   0.40079 -0.0614026   -0.91411    1.59766
  0.638143   0.734621   0.230446   -2.18137
         0          0          0          1
6	12	57
-0.248129   0.91988   0.30373 -0.530722
-0.505315  0.144595 -0.850734   3.15912
-0.826492 -0.364572  0.428951   3.42709
        0         0         0         1
0	5	57
 0.981521 0.0570376 -0.182657   0.98517
-0.00940524   0.96777  0.251661 -0.898629
 0.191124 -0.245293  0.950422 0.0234945
        0         0         0         1
3	13	57
 0.957319 -0.247187  0.149798   0.35308
 0.224972  0.962634   0.15074 -0.674708
-0.181462 -0.110606  0.977158   1.07028
        0         0         0         1
4	13	57
 -0.38738  0.737259 -0.553521   1.77638
-0.912831 -0.222634  0.342306   3.66304
 0.129135  0.637873  0.759237  -1.32589
        0         0         0         1
7	13	57
-0.0889632 -0.505288  0.858353    2.3158
-0.127447 -0.848911  -0.51294   3.92081
 0.987848 -0.155027 0.0111246 -0.170552
        0         0         0         1
6	13	57
 0.239813 -0.131178  0.961916    0.1031
  0.89067 -0.364493 -0.271757   1.13066
  0.38626  0.921921 0.0294265    -1.538
        0         0         0         1
1	13	57
  0.721333   0.493003  -0.486443 -0.0818353
 -0.339669   0.863908   0.371872   0.304624
  0.603576  -0.103013   0.790623  -0.586089
         0          0          0          1
0	6	57
 0.991612 0.0618069 -0.113513   1.91172
0.00134362  0.873274  0.487227 -0.771213
 0.129242 -0.483293  0.865866  0.499725
        0         0         0         1
4	14	57
-0.555269  0.625576  0.548025   1.27991
-0.084669 -0.698042  0.711033   2.46079
  0.82735  0.348414  0.440568  -1.78419
        0         0         0         1
3	14	57
 0.704974 -0.422489  0.569661  0.838718
0.0988862  0.853915  0.510931 -0.210919
-0.702306 -0.303861  0.643766   2.55943
        0         0         0         1
1	14	57
 0.977727 0.0842582 -0.192224  0.159507
0.0207936  0.872482  0.488203 -0.233648
 0.208847 -0.481327  0.851297  0.757656
        0         0         0         1
7	14	57
  0.460634   0.789174  -0.406227      1.597
  0.619457  -0.613615  -0.489643    1.89519
  -0.63568 -0.0260937  -0.771512    3.13195
         0          0          0          1
6	14	57
 0.196683 -0.337289 -0.920626   2.53729
-0.823962 -0.565783 0.0312534   3.35437
-0.531415  0.752414 -0.389193   2.21236
        0         0         0         1
5	9	57
  0.999312  0.0268149 -0.0256259    1.48696
 -0.017808   0.952922   0.302693   0.486859
 0.0325359  -0.302029   0.952743  -0.190881
         0          0          0          1
4	15	57
 0.674078 -0.206304  0.709266  0.580598
 0.205121  0.974721 0.0885727  -1.15384
-0.709609 0.0857805  0.699355   1.58914
        0         0         0         1
3	15	57
 0.919156 -0.392407 0.0341876  0.235611
-0.0397912 -0.178853  -0.98307   4.46377
 0.391879  0.902235 -0.180008  -0.84289
        0         0         0         1
1	15	57
  0.679809  -0.680774  -0.272775    2.55356
  0.662835   0.729505  -0.168735   -1.34401
  0.313861 -0.0660976   0.947166  -0.159025
         0          0          0          1
6	15	57
 0.157661  0.940646 -0.300546  -0.80208
  0.85216 0.0241855  0.522722  -2.06746
 0.498965 -0.338526 -0.797768   2.15308
        0         0         0         1
7	15	57
  0.460144 -0.0814033   0.884105   0.364593
 0.0722807   0.995918  0.0540789  -0.191783
 -0.884898  0.0390199   0.464149     2.9988
         0          0          0          1
5	10	57
  0.570567   0.820216  0.0412212   0.493097
  0.821239  -0.570116 -0.0231164     1.1461
0.00454054  0.0470419  -0.998883    2.71669
         0          0          0          1
6	16	57
 0.705056 -0.332922  0.626146 -0.356174
 0.644745  0.668606 -0.370501  -1.43419
-0.295297  0.664928  0.686054 -0.314631
        0         0         0         1
4	17	57
-0.545403  0.797223  0.258789   1.67342
-0.643758 -0.596153  0.479768   4.11727
  0.53676 0.0950695  0.838362  -1.53914
        0         0         0         1
1	17	57
  0.996856  0.0626221 -0.0485578  -0.115755
-0.0434241   0.944269   0.326299  -0.155297
 0.0662851  -0.323164   0.944019   0.643681
         0          0          0          1
5	11	57
  -0.7588  0.125055 -0.639205   4.12363
-0.118622  0.938447  0.324416 -0.756354
  0.64043  0.321991  -0.69726  0.896734
        0         0         0         1
3	17	57
-0.724715  0.281068 -0.629118   4.05514
 0.631537  0.636113 -0.443308  0.263823
  0.27559 -0.718583 -0.638505    3.1442
        0         0         0         1
6	17	57
 0.545109 -0.101135  0.832242  -1.40422
 0.693322  0.612488 -0.379688  -0.54068
-0.471339  0.783984  0.403992   1.02826
        0         0         0         1
4	18	57
  0.88135 -0.264924  0.391199   0.43913
-0.00600831  0.821647  0.569965 -0.393912
-0.472425 -0.504689  0.722567   2.31348
        0         0         0         1
3	18	57
  0.94635 -0.177164  0.270248  0.547026
 0.109871  0.962896  0.246494 -0.254352
 -0.30389 -0.203577  0.930703    1.3549
        0         0         0         1
1	18	57
 0.989106 0.0042976 -0.147143  0.419249
0.0495044  0.931645  0.359983 -0.511274
 0.138632 -0.363345  0.921282   1.15692
        0         0         0         1
7	16	57
    0.311235   -0.0532203     0.948842 -0.000725746
    0.347943     0.935486   -0.0616596    -0.570512
   -0.884346     0.349333     0.309673      3.20807
           0            0            0            1
6	18	57
  0.470892   0.629038  -0.618525 -0.0864549
  0.811176  -0.584339  0.0232892    1.93957
 -0.346778  -0.512699   -0.78542    4.31451
         0          0          0          1
7	17	57
 0.302604 -0.773812  0.556458   1.60621
  -0.1452  0.539589  0.829314 -0.932654
-0.941991 -0.331752 0.0509248   4.36394
        0         0         0         1
5	12	57
  0.511097 -0.0171553   0.859352 -0.0362647
   0.29188   0.943853  -0.154752   -0.90072
 -0.808447   0.329921   0.487407    1.72871
         0          0          0          1
7	18	57
 -0.013144   0.994007   -0.10853  -0.261344
 -0.992079 -0.0265248  -0.122786    3.83825
 -0.124929   0.106057   0.986481   0.976535
         0          0          0          1
2	9	57
-0.850233 -0.274789  0.448994   3.45094
 0.511245  -0.63428  0.579929   1.52766
  0.12543  0.722621   0.67977  -1.50121
        0         0         0         1
0	9	57
 -0.832946 -0.0706519   0.548825    3.93446
  0.508116  -0.490422   0.708029   0.823923
  0.219132   0.868617   0.444395   -1.71274
         0          0          0          1
5	13	57
  0.838551   0.229006  -0.494357   0.432451
  -0.17607    0.97259   0.151883   0.521955
  0.515589 -0.0403205   0.855887  -0.552742
         0          0          0          1
2	10	57
  0.961271  -0.274712 -0.0221803   0.677876
  0.266605   0.906461   0.327491  -0.580836
  -0.06986  -0.320721   0.944594    0.73256
         0          0          0          1
0	10	57
 0.420455 -0.890198 -0.175401   3.36499
 0.882366  0.356159  0.307542  -1.10895
-0.211303 -0.284075  0.935229   1.18454
        0         0         0         1
5	14	57
-0.484693 -0.609568 -0.627296   4.03404
  0.18519 -0.772426  0.607506   2.84025
-0.854856  0.178285  0.487275   2.29692
        0         0         0         1
2	11	57
 0.141635  0.976991  0.159462   -1.2782
 0.475978 0.0740302 -0.876336   3.03197
-0.867977   0.20002 -0.454541   2.96176
        0         0         0         1
0	11	57
 -0.810534   -0.52709  -0.255366    4.56634
 -0.228294  -0.117198   0.966512    1.56305
 -0.539367    0.84169 -0.0253386   0.339213
         0          0          0          1
7	20	57
 0.879438 -0.164813  0.446572  0.258147
0.0317921  0.956389   0.29036  0.371621
-0.474951 -0.241156  0.846325   1.27262
        0         0         0         1
5	15	57
  0.727859  -0.513543   0.454416   0.998599
  0.648999   0.729866  -0.214698   -1.02141
 -0.221406   0.451186    0.86453 -0.0346712
         0          0          0          1
6	20	57
  0.982952 -0.0843634  -0.163364   0.760238
 0.0425914   0.968828  -0.244046   0.819924
   0.17886   0.232928   0.955905  -0.867481
         0          0          0          1
2	12	57
-0.517914  0.806047 -0.286448  0.724215
-0.683118 -0.188157  0.705653   3.37145
 0.514892  0.561146  0.648075   -1.9655
        0         0         0         1
0	12	57
 -0.872979   0.134569  -0.468826    4.10777
 -0.476646 -0.0313707   0.878535    2.14123
  0.103517   0.990408   0.091528    -1.8965
         0          0          0          1
6	21	57
   0.56409 -0.0673047  -0.822966    1.03311
  0.480417  -0.783859   0.393401   0.618174
 -0.671567   -0.61728  -0.409832    5.27654
         0          0          0          1
0	13	57
 0.830203  0.263186 -0.491422  0.813968
0.0197789  0.867075  0.497785 -0.681416
  0.55711 -0.422982  0.714643  0.528646
        0         0         0         1
2	13	57
 0.691083  -0.42495 -0.584655   2.41936
 0.439897  0.889126 -0.126278  -0.73251
 0.573494 -0.169919  0.801394 -0.588421
        0         0         0         1
7	21	57
   0.87744  0.0857482   0.471961 0.00367475
 0.0480804   0.963217   -0.26439   0.184125
 -0.477272   0.254678   0.841042   -0.24543
         0          0          0          1
5	16	57
  0.57599 -0.461608  0.674651  0.421832
 0.706927  0.695692 -0.127542  -1.64655
-0.410475  0.550391  0.727035   0.44656
        0         0         0         1
4	22	57
0.0120734 -0.485527  0.874138   2.60189
 0.998764 0.0480004 0.0128665  -1.13096
-0.0482062  0.872903  0.485507  -1.78695
        0         0         0         1
3	22	57
 0.381605  0.892135  -0.24181  -1.70382
-0.328687   0.37548  0.866591   1.05436
 0.863911 -0.251216  0.436518 -0.324777
        0         0         0         1
6	22	57
-0.725021 -0.656287 -0.208886   4.81761
-0.687533  0.707524  0.163425  0.895174
0.0405384  0.262103 -0.964188   2.44917
        0         0         0         1
2	14	57
 0.045833  0.740228  0.670792 -0.394951
-0.254817  -0.64062  0.724344    2.9806
 0.965903 -0.204128  0.159261 -0.368549
        0         0         0         1
7	22	57
-0.0663206   -0.70455  -0.706549    5.01536
 -0.987511   0.147765 -0.0546537    3.62065
   0.14291     0.6941  -0.705551    1.54798
         0          0          0          1
5	17	57
 -0.775683  -0.631082 0.00719236    5.70459
 -0.488995   0.593757  -0.639012    3.43889
  0.398998  -0.499188  -0.769163    2.15572
         0          0          0          1
0	14	57
 0.871181 -0.475005  0.124149   1.40688
 0.146208  0.492401     0.858 -0.144898
-0.468686 -0.729322   0.49842   2.84357
        0         0         0         1
3	23	57
-0.775904 -0.511822 -0.368797   4.32161
-0.129058 -0.443455  0.886956   2.13023
-0.617509  0.735789  0.278024   1.32068
        0         0         0         1
4	23	57
-0.448307 -0.740602   0.50053   4.12378
 0.893396  -0.35281  0.278153  0.217631
-0.0294082  0.571869  0.819817  -1.24564
        0         0         0         1
1	23	57
0.0127312  0.261424  -0.96514   2.39483
-0.299769  0.921821  0.245736  0.172632
 0.953927  0.286191 0.0901024  -1.85522
        0         0         0         1
7	23	57
  0.744174   0.169496  -0.646123    1.46648
  0.124359  -0.985516  -0.115297     3.5255
 -0.656307 0.00545011  -0.754474    4.75454
         0          0          0          1
2	15	57
  0.402561   0.909639   0.102478   -1.62239
  0.296135 -0.0234821  -0.954857    3.28488
 -0.866169   0.414736  -0.278829    3.00247
         0          0          0          1
0	15	57
 0.958525 -0.106782 -0.264248   1.21169
-0.149181 -0.977981 -0.145935   3.39931
-0.242847  0.179304  -0.95335   3.20183
        0         0         0         1
5	18	57
 0.957351  0.189709  0.217923  0.465101
-0.267126  0.868589  0.417369  0.747797
-0.110107 -0.457781  0.882221   1.51098
        0         0         0         1
0	16	57
 0.571137 -0.618171  0.540063   1.78802
 0.618739  0.756554  0.211632  -2.15948
-0.539411  0.213287  0.814582   1.37201
        0         0         0         1
3	24	57
  0.95555 0.0907023  -0.28053  -0.59695
-0.0294419  0.976102  0.215312 -0.267791
 0.293355 -0.197482  0.935385  0.142925
        0         0         0         1
0	17	57
 0.896369 -0.232089    0.3777  0.866522
0.0521177  0.901265  0.430122 -0.569242
-0.440235 -0.365863  0.819962   1.93322
        0         0         0         1
7	24	57
  0.72013 -0.639382  0.269448   1.12132
 0.538944  0.270885 -0.797597   1.16234
  0.43698  0.719591  0.539664  -1.67752
        0         0         0         1
2	18	57
 0.964412 0.0769055 -0.252972  0.323557
-0.118713  0.980853 -0.154385  0.654498
 0.236255  0.178922  0.955076 -0.625911
        0         0         0         1
6	24	57
 0.662631 -0.566959 -0.489365   1.21127
 0.113948  0.722116 -0.682323  0.411347
 0.740227  0.396366    0.5431  -2.08629
        0         0         0         1
0	18	57
 0.943997 -0.276175  0.180547   1.42993
 0.198474  0.912408  0.357939 -0.748758
-0.263586 -0.302059  0.916124   1.35897
        0         0         0         1
5	20	57
 0.933851 -0.305447 -0.186078   1.77048
 0.304137  0.951938 -0.036261  0.663871
 0.188211 -0.022731  0.981866 -0.711915
        0         0         0         1
5	21	57
-0.388843   0.55154  0.737974 -0.260955
 -0.68422 -0.709286  0.169579    3.7206
 0.616964 -0.438997  0.653175  0.243412
        0         0         0         1
5	22	57
 -0.239362  -0.700577   0.672234    4.14951
  0.934804  -0.353392 -0.0354363    1.16181
  0.262388   0.619925    0.73949   -1.87283
         0          0          0          1
0	23	57
  0.737782 -0.0696307  -0.671438    1.45872
   0.13754   0.989307  0.0485357  -0.862832
  0.660879  -0.128159    0.73947  -0.855839
         0          0          0          1
5	23	57
  0.736672     0.1361   0.662413  -0.371058
 -0.156498   0.987258 -0.0288011   0.584752
 -0.657893 -0.0824489   0.748585    1.77036
         0          0          0          1
5	25	57
   0.94243  -0.270295   0.196892   0.506661
  0.228159   0.950188   0.212334   -0.31658
 -0.244478  -0.155187   0.957156 -0.0721456
         0          0          0          1
6	29	57
-0.624502  0.741766   -0.2445   1.99041
-0.767717 -0.640547 0.0176047   3.95201
-0.143555  0.198701  0.969489  -1.15513
        0         0         0         1
4	38	57
  0.986776 -0.0696282   0.146372  -0.194435
 0.0252534   0.958049   0.285491  -0.990098
 -0.160109  -0.278019   0.947138   0.192419
         0          0          0          1
6	38	57
   0.943122    0.320713  -0.0875433    -1.15187
  -0.322626    0.946491 -0.00827339    0.648056
  0.0802052   0.0360466    0.996126   -0.638164
          0           0           0           1
0	38	57
 -0.720325   0.211253   0.660685    1.73534
  0.574549  -0.351933   0.738943 0.00598836
   0.38862   0.911875   0.132131      -1.76
         0          0          0          1
6	41	57
 -0.990131 -0.0141458  -0.139432    4.27468
 0.0496279  -0.965817  -0.254431    4.71296
 -0.131067   -0.25884   0.956987  0.0332394
         0          0          0          1
7	37	57
-0.502822  0.410712 -0.760582   4.85053
  0.26918 -0.761753   -0.5893   4.00804
-0.821409 -0.501046  0.272471   3.78403
        0         0         0         1
6	43	57
 0.915978  -0.40055 0.0233455 -0.308737
 0.307663   0.73853  0.599931  -2.72592
-0.257544 -0.542341  0.799711   1.67187
        0         0         0         1
7	39	57
-0.534298  0.423686 -0.731447   5.09269
-0.080965  0.835686  0.543208 -0.312218
 0.841409  0.349457 -0.412202 -0.726667
        0         0         0         1
5	38	57
 0.848524 -0.483812 -0.214319   1.50095
 0.403395  0.853551 -0.329732   0.29767
 0.342461  0.193331  0.919426  -1.46379
        0         0         0         1
10	11	57
 0.951894  0.251898  0.174486 -0.185914
-0.131065  0.849397 -0.511221  0.674686
-0.276983  0.463759  0.841551    -0.304
        0         0         0         1
10	12	57
 0.912808 0.0271603  0.407485 0.0258245
 0.204169  0.833794 -0.512934 -0.299581
 -0.35369  0.551406  0.755549 -0.308921
        0         0         0         1
10	13	57
 0.509268 -0.393158  0.765554   1.60486
 0.451779  0.879256  0.151015 -0.935704
-0.732491  0.268954  0.625397   1.36447
        0         0         0         1
8	9	57
 0.994779  -0.04829 0.0899004  0.415099
-0.00932537  0.834251  0.551306   0.67459
-0.101622 -0.549266  0.829445   1.48685
        0         0         0         1
9	10	57
 0.801748  -0.31515   0.50782   1.16521
   0.3302  0.941796 0.0631516 -0.519511
-0.498165   0.11705  0.859146  0.731722
        0         0         0         1
9	11	57
 0.259186 -0.812899  0.521553    3.1581
 0.956628  0.141711 -0.254523  0.161663
 0.132992  0.564901  0.814371  -1.18136
        0         0         0         1
8	10	57
  0.76101 -0.307815  0.571064   1.54392
-0.0444593  0.853451  0.519274  0.691321
-0.647215 -0.420562  0.635799    2.2951
        0         0         0         1
10	14	57
-0.718682 -0.515401 -0.466754   5.08447
-0.581331 0.0770611   0.81001   1.49178
-0.381511  0.853478 -0.355001   1.66386
        0         0         0         1
8	11	57
 -0.159074   0.731443   0.663089  -0.602992
 -0.971967 0.00175549   -0.23511    4.12053
 -0.173133    -0.6819   0.710659     3.2294
         0          0          0          1
9	12	57
 0.435003 0.0103652   0.90037   1.28637
 0.516093  0.816517 -0.258744 -0.959739
-0.737849  0.577229  0.349838   0.39961
        0         0         0         1
7	42	57
  0.942564  -0.126985   0.308945   -1.43757
   0.13056   0.991398 0.00916547   -0.40219
 -0.307452   0.031697   0.951036  -0.406765
         0          0          0          1
10	15	57
-0.774308 -0.632787 0.0052726   5.34114
-0.503447  0.621047  0.600701   1.10597
-0.383391  0.462473 -0.799456   2.94514
        0         0         0         1
8	12	57
   0.662567   -0.666073    0.342568     1.15896
   0.454529 -0.00596464   -0.890712     1.51267
   0.595322    0.745863    0.298798   -0.840605
          0           0           0           1
9	13	57
-0.116545 -0.446468  0.887178   3.40686
 0.568938  0.702167  0.428102 -0.800354
-0.814081  0.554642  0.172179  0.910061
        0         0         0         1
10	16	57
 0.649345  0.758929 0.0487714  -1.35118
-0.500466  0.474729 -0.723993    2.3193
-0.572613  0.445713  0.688081  0.544988
        0         0         0         1
9	14	57
 -0.313828    0.19611   0.929006    2.03935
 -0.790675    0.48774  -0.370059    3.40052
 -0.525685  -0.850677 0.00199246    3.70419
         0          0          0          1
9	15	57
-0.199273 -0.973627 -0.111094   4.29117
 0.514023 -0.200373  0.834045  0.573925
-0.834309  0.109098  0.540395   2.47384
        0         0         0         1
8	15	57
-0.184641  0.840471 -0.509428   1.15781
 0.965438  0.252126 0.0660447 -0.806503
 0.183949 -0.479626 -0.857975   4.31032
        0         0         0         1
6	54	57
-0.693815  0.675303 -0.250174   3.05056
-0.716211 -0.683342  0.141721   3.58636
-0.0752497  0.277506  0.957773  -1.47474
        0         0         0         1
9	16	57
-0.856333  0.368506 -0.361798   3.60365
-0.508708 -0.481266  0.713862   3.80731
0.0889411  0.795353  0.599586  -1.34071
        0         0         0         1
7	43	57
 0.901646  0.124504  0.414166  -1.81853
0.0481256  0.922832 -0.382186 -0.374661
-0.429789  0.364529  0.826075 -0.485194
        0         0         0         1
9	17	57
 0.420741 -0.518126  0.744663  0.453895
 0.490843  0.820341  0.293451  -1.54278
-0.762922  0.242045   0.59947   2.56271
        0         0         0         1
9	18	57
 -0.839011   0.460624   0.289633    1.51932
 -0.362708  -0.870251   0.333325    4.04731
  0.405591   0.174612   0.897222 -0.0781941
         0          0          0          1
6	55	57
 -0.31701   0.80397 -0.503126   2.50751
-0.879377 -0.447867 -0.161591   4.52055
-0.355248  0.391211  0.848971 -0.630494
        0         0         0         1
8	17	57
-0.710132  0.689872 -0.140677   2.22264
-0.538221 -0.403097  0.740156    4.4152
 0.453907  0.601324  0.657555   -1.0471
        0         0         0         1
11	12	57
 0.322965 -0.812417  0.485461   2.26442
-0.786343  -0.51579 -0.340038   4.37385
 0.526649 -0.271918  -0.80542   2.21584
        0         0         0         1
8	18	57
 0.816876 -0.367119  0.444902  0.398125
-0.0571618   0.71599  0.695767   1.11917
-0.573974 -0.593787   0.56389   4.01134
        0         0         0         1
12	13	57
0.858583  -0.2864 0.425218 0.768457
0.021073 0.848425 0.528896 0.378848
-0.512241 -0.44514 0.734479  2.14252
       0        0        0        1
10	21	57
  0.0985504   -0.995132 0.000405759     3.90291
   0.447662   0.0439689   -0.893121     1.57548
   0.888756   0.0881991    0.449816    -1.80043
          0           0           0           1
11	13	57
-0.969844 0.0783811  0.230779   3.75379
-0.183204 -0.858938 -0.478186   4.23643
 0.160744 -0.506046  0.847395   0.94838
        0         0         0         1
11	14	57
0.0385881  0.860782  0.507509  0.338154
-0.988548  0.107035 -0.106378   3.62107
-0.145889 -0.497592  0.855055   1.39053
        0         0         0         1
8	19	57
 0.300732   0.14475  -0.94266   2.73966
 0.484361 -0.874635 0.0202183   3.18156
-0.821556 -0.462668 -0.333142   5.11765
        0         0         0         1
12	14	57
 0.494155 -0.638957  0.589529   1.91675
0.00633779  0.680738    0.7325  0.811167
 -0.86935 -0.358232   0.34044   2.77159
        0         0         0         1
11	15	57
  0.975194  -0.115327  -0.188931   0.627617
  0.121785   0.992293  0.0228952  -0.173735
  0.184835 -0.0453363   0.981723 -0.0272328
         0          0          0          1
10	22	57
 0.975881   0.17231  0.134037 -0.552686
0.0174082 -0.673463  0.739017    1.5902
 0.217609 -0.718859 -0.660219   3.59891
        0         0         0         1
12	15	57
 0.121037  -0.59412  0.795218   2.36148
 0.917387  0.372937  0.138995 0.0277114
-0.379146  0.712699  0.590177 0.0626087
        0         0         0         1
11	16	57
-0.354081    0.8589 -0.370023   1.30311
-0.820488 -0.475169 -0.317826   5.78861
-0.448804  0.191063  0.872966  0.914575
        0         0         0         1
10	23	57
 0.849005 -0.523737 0.0699348     1.203
 0.521384   0.80891 -0.271708 -0.535271
0.0857326  0.267145  0.959836  -0.74385
        0         0         0         1
11	17	57
-0.281024 -0.789124  0.546176    3.5058
-0.897608 0.0147414 -0.440548   4.34047
 0.339596 -0.614057 -0.712467    2.9153
        0         0         0         1
8	20	57
 0.991784  -0.11569  0.054589   0.29989
0.0927639  0.944271  0.315828  0.477112
-0.088085 -0.308169  0.947245   1.06566
        0         0         0         1
9	23	57
 0.480625  0.320165  0.816391 -0.234709
0.00594244  0.929758 -0.368123  0.235488
-0.876906   0.18178  0.444962    1.8684
        0         0         0         1
10	24	57
 0.0258839    0.95689   0.289297   0.112848
 -0.933449 -0.0804375   0.349576    3.38668
  0.357776  -0.279092   0.891125  -0.606429
         0          0          0          1
13	14	57
 0.876576 -0.341496  0.339111  0.638945
 0.239269  0.920609  0.308591 -0.236772
-0.417571 -0.189365  0.888693   1.19215
        0         0         0         1
8	21	57
  0.995414 0.00737879  0.0953809   0.262241
 0.0106166   0.982342  -0.186792   0.637004
 -0.095075   0.186948   0.977758  -0.117038
         0          0          0          1
8	22	57
  0.74476  0.303095  0.594529 -0.975878
-0.164434  0.946786 -0.276693  0.717548
-0.646756  0.108309  0.754967   2.07428
        0         0         0         1
7	45	57
 -0.47278 -0.868392  0.149581   4.68671
 0.237624 -0.289105 -0.927337   4.46241
 0.848537 -0.402882  0.343033  0.426337
        0         0         0         1
11	22	57
 0.193065 -0.836309  0.513141    2.5738
-0.979572 -0.194274 0.0519313   4.30453
0.0562594 -0.512685 -0.856732   3.98135
        0         0         0         1
12	22	57
 0.830429   0.18778  0.524526  -1.20664
0.0513956 -0.963293  0.263489   4.53109
 0.554749 -0.191851 -0.809597   1.94318
        0         0         0         1
8	23	57
-0.695395 -0.656458  0.292385   4.37393
 0.694548 -0.718391 0.0389596   1.94361
 0.184471  0.230167  0.955507 -0.210849
        0         0         0         1
11	23	57
 0.939101 -0.301208  0.165422  0.640567
 0.203897  0.100914 -0.973777   1.92357
 0.276616  0.948204  0.156184  -2.06669
        0         0         0         1
12	23	57
  0.95865 0.0227308 -0.283678   0.31325
0.0299295  0.983225  0.179927   0.29036
 0.283009 -0.180977  0.941888 -0.455648
        0         0         0         1
13	17	57
 0.110736 -0.621811  0.775299   2.29679
 0.459739  0.723664  0.514733 -0.688856
-0.881123  0.299436  0.366007   1.91046
        0         0         0         1
12	24	57
  0.993483 -0.0603955   0.096658   0.190219
0.00188452   0.856649   0.515896   0.308764
  -0.11396  -0.512352    0.85118   0.588238
         0          0          0          1
13	18	57
  0.919336  -0.283603   0.272747     1.5732
  0.267364   0.958822  0.0957957   0.158253
 -0.288684 -0.0151457   0.957305  0.0597609
         0          0          0          1
13	23	57
  0.718031   0.186298  -0.670615   0.630584
 -0.300081   0.952223 -0.0567695   0.684235
  0.627999   0.242001    0.73963   -1.84131
         0          0          0          1
5	49	57
  0.319378  -0.242973   0.915949  -0.404169
  0.944768 0.00660557  -0.327674    1.31336
 0.0735657   0.970011   0.231663  -0.147212
         0          0          0          1
13	24	57
-0.229551 -0.965502 -0.122934   4.48046
 0.969241 -0.238282 0.0615878  0.690952
-0.0887561 -0.105015  0.990502 -0.301925
        0         0         0         1
5	51	57
-0.709042  0.694416 -0.122662   3.60357
-0.699528 -0.670697  0.246631   3.57499
0.0889956  0.260677  0.961316  -1.90059
        0         0         0         1
7	49	57
 -0.26846   0.41142  0.871013  0.135875
 0.753889 -0.473136  0.455844   -0.3736
 0.599651  0.779023 -0.183147  0.264535
        0         0         0         1
7	50	57
-0.285064  0.914538  0.286982   1.20116
-0.888874 -0.364262  0.277879   3.36477
 0.358668 -0.175877  0.916747  -1.32125
        0         0         0         1
10	38	57
  0.746423   0.377292  -0.548182    1.35638
 -0.448848     0.8936 0.00386313   0.905062
  0.491313   0.243167    0.83635   -1.97515
         0          0          0          1
8	29	57
-0.763621  0.580705  0.282248    1.2049
-0.246264 -0.666049  0.704082   1.83898
 0.596855  0.468145  0.651617  -1.21474
        0         0         0         1
14	15	57
  0.999946 -0.0100721 -0.0024092  0.0222881
0.00639185   0.783273  -0.621645   0.224437
0.00814831   0.621597   0.783295   -1.35043
         0          0          0          1
14	16	57
 0.976958 0.0205345  0.212441 0.0792751
 0.140296  0.688314 -0.711717 0.0912018
-0.160841  0.725122  0.669573  -1.22492
        0         0         0         1
8	30	57
 0.230043   0.92915 -0.289415 -0.576591
-0.960643  0.169222 -0.220292   4.73269
-0.155709  0.328701  0.931509  0.148207
        0         0         0         1
14	17	57
  0.899664  -0.258484   0.351839 -0.0216932
  0.332386   0.928038  -0.168123  -0.272001
 -0.283063   0.268201   0.920839 -0.0682082
         0          0          0          1
14	18	57
   0.993754    0.111535 -0.00376882     1.02561
  -0.110149    0.974862   -0.193678    0.448591
 -0.0179278    0.192884    0.981058   -0.424758
          0           0           0           1
8	31	57
 0.956053 -0.139661  0.257796 -0.222596
0.00590301  0.888252  0.459319  0.618681
-0.293137 -0.437612   0.85004  0.849403
        0         0         0         1
15	16	57
  0.974184  0.0011937   0.225753  0.0950708
 0.0367711   0.985793  -0.163891 -0.0145102
 -0.222741   0.167961     0.9603   0.149142
         0          0          0          1
14	22	57
-0.977168  0.120097 -0.175271   4.31604
-0.0229888 -0.879844 -0.474707   4.28113
-0.211222 -0.459839  0.862516   1.62584
        0         0         0         1
15	17	57
 0.775325  0.602195 -0.190348 -0.312255
-0.555773  0.507403 -0.658528   2.89159
-0.299979  0.616363  0.728086 -0.105823
        0         0         0         1
15	18	57
-0.0642937    0.92813  -0.366662   0.788913
  -0.98918  -0.107826 -0.0994867    4.00026
 -0.131872   0.356298    0.92502  -0.177995
         0          0          0          1
14	23	57
 0.180522   0.40667 -0.895562   1.42662
-0.711722  0.682459  0.166437   1.65129
 0.678869  0.607346  0.412635   -2.4606
        0         0         0         1
14	24	57
   0.572161    0.408456   -0.711193    0.562316
  -0.588401    0.808519 -0.00902119     1.52703
   0.571328    0.423628     0.70294    -2.12694
          0           0           0           1
8	32	57
 0.644905  0.499129  0.578765  -1.70649
-0.700109   0.68953  0.185463   1.83998
-0.306506 -0.524804  0.794125   1.66055
        0         0         0         1
15	21	57
 0.804053  0.153647 -0.574362   2.57058
-0.280048   0.95003   -0.1379  0.482894
 0.524473  0.271728  0.806903  -1.80661
        0         0         0         1
14	25	57
 0.943425  0.115406 -0.310855  0.821352
 -0.21561  0.925738 -0.310679  0.861813
 0.251916  0.360125  0.898247  -2.13114
        0         0         0         1
15	22	57
 0.160111  0.966786  -0.19922 -0.249423
 0.971049  -0.11802  0.207688 -0.568179
 0.177278 -0.226706 -0.957694   3.02075
        0         0         0         1
15	23	57
 0.0534391  -0.988988  -0.138009    3.89955
 -0.985112 -0.0295977  -0.169349    3.90954
    0.1634   0.145004  -0.975846     2.3719
         0          0          0          1
8	33	57
-0.535164  0.519166  0.666383 -0.865701
-0.481467 -0.835641  0.264372   4.30168
  0.69411 -0.179359  0.697167  0.102149
        0         0         0         1
17	18	57
 0.805582  0.322739 -0.496868  0.507218
-0.315607  0.943485  0.101137  0.574739
 0.501428 0.0753408  0.861913 -0.826586
        0         0         0         1
16	17	57
 0.941742 -0.177067  0.285955  0.864579
-0.0209004  0.817751  0.575194  0.719651
-0.335688  -0.54766  0.766409   1.67498
        0         0         0         1
18	19	57
 0.849092  0.305512 -0.430935  0.525119
-0.312728  0.948188 0.0560375  0.796359
 0.425727  0.087184  0.900642  -1.18308
        0         0         0         1
17	19	57
 0.372766   0.51836 -0.769642   1.74819
-0.504464  0.809352  0.300774  0.978085
 0.778821  0.276138  0.563192  -1.50423
        0         0         0         1
16	18	57
 0.965381  0.139426 -0.220454   0.94336
0.0179985  0.807537  0.589542  0.688969
 0.260223 -0.573101  0.777071  0.605851
        0         0         0         1
16	19	57
 0.662938  0.418378 -0.620865   1.97241
0.0397282  0.808458  0.587211  0.600226
  0.74762  -0.41395  0.519337 -0.577881
        0         0         0         1
16	20	57
   0.6882  0.278253 -0.670042   2.76922
0.0253846  0.913732  0.405525  0.399502
 0.725077 -0.296091  0.621767  -0.42852
        0         0         0         1
16	21	57
  0.678298  -0.326531  -0.658247    3.83539
  0.217479   0.944912  -0.244631 -0.0371444
  0.701865  0.0227777   0.711945   -1.11767
         0          0          0          1
18	25	57
 0.971551 0.0661281 -0.227413 -0.676432
-0.113049  0.973262 -0.199956  0.266193
 0.208109  0.219976  0.953049  -1.75027
        0         0         0         1
16	22	57
 -0.277325   0.960367  -0.028026  0.0600576
  0.960546   0.276502 -0.0299905   -1.29667
-0.0210526 -0.0352374  -0.999158    3.06244
         0          0          0          1
16	23	57
 0.902765   0.42342 0.0757108  -0.66005
-0.429796   0.89496  0.119674   1.07305
-0.0170858 -0.140578  0.989922 0.0679415
        0         0         0         1
16	24	57
  0.330791 0.00366396  -0.943697    2.89556
  0.315582   0.941992   0.114277  -0.571494
  0.889374  -0.335616   0.310446  -0.904813
         0          0          0          1
14	35	57
-0.969119 0.0227772 -0.245541   4.23328
-0.135391 -0.881369  0.452614   2.96292
-0.206103   0.47188  0.857234  -1.50113
        0         0         0         1
16	25	57
   0.843722    0.234399   -0.482898    0.846114
-0.00417199    0.902456    0.430763 -0.00913191
   0.536764   -0.361429    0.762399    -1.11828
          0           0           0           1
14	38	57
 0.781038  0.462462 -0.419652  0.666421
-0.551551     0.826 -0.116259   1.22733
 0.292867  0.322262  0.900209  -2.11775
        0         0         0         1
16	26	57
   0.99736 -0.0521807   0.050496      0.416
 0.0162863   0.838445   0.544744  -0.278468
-0.0707634  -0.542483   0.837081 -0.0170258
         0          0          0          1
16	27	57
  0.956478  0.0910123   0.277249  -0.305153
 -0.128215   0.984566   0.119125 -0.0929155
 -0.262128  -0.149488   0.953385  -0.508683
         0          0          0          1
20	21	57
 0.931833 -0.355083 0.0748595 -0.877457
 0.303037   0.64792 -0.698834 -0.311268
 0.199641  0.673881  0.711356 -0.813256
        0         0         0         1
8	41	57
-0.252605  0.327093 -0.910605    3.9922
-0.949464 0.0974142  0.298376   3.99807
 0.186303  0.939958  0.285956 -0.635052
        0         0         0         1
20	22	57
 0.804357  0.196114  0.560847   -1.0292
 0.183331  0.815971 -0.548254 -0.442528
