2	3	47
       1        0       -0 0.012351
       0        1       -0 0.022046
       0        0        1 0.116263
       0        0        0        1
0	1	47
  0.941309  -0.110714    0.31949   0.114347
  0.106665   0.994034  0.0301986  -0.741499
 -0.320864 0.00565112   0.947317    0.32774
        -0         -0          0          1
1	2	47
  0.995691  0.0925661 -0.0181525     0.3623
-0.0912516   0.993963  0.0633147  0.0646598
 0.0239011 -0.0613763   0.997977  -0.068708
         0          0          0          1
5	6	47
  0.861069  0.0561228   0.506089  0.0778373
 0.0204661   0.989645  -0.144567 -0.0861542
  -0.50878   0.134792     0.8507   0.873298
        -0          0          0          1
6	7	47
  0.79513 -0.252826  0.553046 0.0507325
 0.125162  0.958938   0.25843 -0.278574
-0.595076 -0.136128  0.793326  0.968286
       -0        -0        -0         1
0	3	47
 0.913545 -0.406737        -0  0.719553
 0.406737  0.913545         0  -1.26438
        0         0         1  -0.60889
        0         0         0         1
3	6	47
0.0791327  0.341094 -0.937182   2.26397
 -0.50132  0.826327  0.258418  0.241225
 0.862168  0.449172  0.236278 -0.684473
       -0         0         0         1
1	4	47
  0.933158   0.267365  -0.241186   0.492399
 -0.239497   0.961146   0.138843   0.180515
  0.268878 -0.0717828   0.960724  -0.419126
         0          0          0          1
6	8	47
 0.959539  0.277418 0.0516576 -0.233412
-0.281785  0.932199  0.227919  0.242247
0.0150709 -0.233213  0.972486  0.454822
        0         0         0         1
4	7	47
0.0392705  0.779383  0.626038 -0.753266
-0.910386 -0.230947  0.344623   1.96229
 0.412988 -0.583207  0.700154  0.746518
        0         0         0         1
7	8	47
  0.670816  -0.348858   0.655557   0.128194
  0.220482   0.937153   0.273098  -0.617166
 -0.709116 -0.0386321   0.705063    1.68963
         0          0          0          1
0	4	47
  0.991616   0.112649 -0.0743878   0.432743
 -0.103336   0.988266   0.119065  -0.525531
 0.0868617  -0.110296   0.990866  -0.414739
         0          0          0          1
2	7	47
 0.471789  0.641033  -0.60575   0.68508
-0.614515  0.731694  0.295695   0.67194
 0.632634  0.232685  0.738967 -0.634003
       -0         0         0         1
3	8	47
  0.999999  0.0194234 -0.0272822 -0.0276017
 -0.018504   0.999824  0.0335873  -0.305702
 0.0279145 -0.0330632   0.999623   0.609708
         0          0          0          1
6	9	47
-0.427818 -0.548698  0.719039    1.8455
 0.899727 -0.339615  0.276166   0.59305
0.0926133  0.764663  0.638615 -0.910362
        0         0         0         1
7	9	47
 0.324833 -0.466159  0.823826  0.273702
 0.292754  0.877757  0.381243 -0.505303
 -0.90016  0.117249  0.421277   2.03165
        0         0         0         1
1	6	47
 0.254346 -0.860054 -0.442577   3.48256
 0.918205  0.358559 -0.169095 -0.115039
 0.304081 -0.363321  0.880789  0.584874
        0         0         0         1
4	9	47
  0.858953  -0.160553    0.48697   -1.04043
 0.0922631   0.982943   0.161334  -0.312654
 -0.504386 -0.0936149   0.858806    1.37362
        -0         -0         -0          1
0	6	47
 0.185739  0.485862 -0.854641   1.90327
 -0.34675   0.84624  0.405727 -0.563704
 0.919912  0.220881  0.325494  -1.04375
       -0         0         0         1
3	9	47
  0.923888  -0.132412   0.360465  -0.684525
  0.103271   0.990232  0.0990615  -0.237539
 -0.369869 -0.0542681   0.928056     1.0452
        -0         -0         -0          1
1	7	47
 0.515341  0.454062  -0.72702   1.38851
-0.361142  0.884348   0.29633 0.0281411
 0.777371  0.109829  0.619626 -0.663001
       -0         0         0         1
0	7	47
 0.791891  0.299267 -0.532534   1.29943
-0.294257  0.950938 0.0968305 -0.229572
  0.53532 0.0800124  0.840997 -0.996228
       -0         0         0         1
5	10	47
  0.874225  -0.206255   0.439774  -0.595327
  0.166335   0.977841   0.127953  -0.432037
 -0.456372 -0.0387058   0.889066    1.24622
         0          0          0          1
6	10	47
-0.0366116  0.869809  0.492028 0.0922429
-0.921989  0.160521 -0.352376   3.83514
-0.385481 -0.466545  0.796077   1.46614
        0         0         0         1
4	10	47
  0.948391 -0.0603948   0.312033  -0.766508
 0.0229334   0.992448   0.122387  -0.176847
 -0.316995   -0.10889   0.942399   0.955684
         0          0          0          1
3	10	47
  0.999079  0.0273461 -0.0462906  0.0377139
-0.0248335   0.998754  0.0540483  0.0279215
 0.0476859 -0.0528216    0.99799   0.148898
         0          0          0          1
2	9	47
  0.966715 -0.0456134   0.252277  -0.219945
 0.0251449   0.996298  0.0837814  0.0288787
 -0.255131 -0.0746388   0.964157   0.763534
        -0         -0         -0          1
2	10	47
  0.995566  0.0810285  0.0587825  -0.178214
-0.0856518   0.993618  0.0809989   0.105382
-0.0518132 -0.0856234   0.995569   0.396737
         0          0          0          1
3	11	47
   0.99884  0.0490686 0.00917354   0.109808
-0.0494865    0.99746  0.0528962  -0.021607
-0.00655418 -0.0532841   0.998644   0.354667
         0         -0          0          1
1	9	47
 0.939206  0.031275    0.3422  -0.17704
-0.086907  0.985183  0.148487  0.202834
-0.332454 -0.169183  0.927921   0.93399
        0        -0         0         1
5	11	47
  0.961761 -0.0787485   0.265405  -0.491685
 0.0541162   0.994438  0.0989575  -0.242783
 -0.271502 -0.0807454   0.959892   0.889438
         0          0          0          1
4	11	47
   0.99666  0.0427726 -0.0711276   0.255187
-0.0366359   0.995778  0.0854564  0.0420919
 0.0744744 -0.0825564    0.99391   0.117565
         0          0          0          1
7	11	47
 0.571741 -0.158763  0.806183 -0.412185
-0.210119  0.921241  0.330437  0.454619
-0.794346 -0.357957  0.492854   2.52126
        0         0         0         1
0	9	47
  0.816477 -0.0846912   0.571429   0.168979
-0.0554052    0.97332   0.223419  -0.489013
 -0.575008  -0.214041   0.789868    1.16059
        -0         -0         -0          1
2	11	47
  0.987282    0.11925  -0.108306  0.0851036
 -0.114901    0.99267   0.045573    0.23677
  0.112909 -0.0325386   0.993412   0.130038
         0          0          0          1
1	10	47
 0.987036  0.136285 0.0848347 0.0629829
-0.145911  0.981987  0.120103 0.0823043
-0.0669382 -0.130923  0.989136  0.249066
        0         0         0         1
0	10	47
 0.938421 0.0333626  0.352782 -0.198546
-0.115392   0.97298  0.214936 -0.301613
-0.335041  -0.24166  0.914084  0.760165
        0         0         0         1
5	12	47
  0.986682 -0.0344982   0.159541 -0.0196365
 0.0232514   0.997238  0.0718328  -0.129797
 -0.161564 -0.0671606   0.984667   0.464547
        -0         -0         -0          1
4	12	47
  0.996754   0.075737 -0.0303643   0.306697
-0.0736364   0.995241  0.0651932  0.0543551
 0.0351543 -0.0627395   0.997499   0.119852
         0          0          0          1
6	12	47
 0.913171  0.367996 -0.176532 -0.308316
-0.318985  0.913365  0.253927  0.599795
 0.254622 -0.175527  0.951222 -0.303213
        0         0         0         1
3	12	47
   0.91037   0.213226  -0.354967   0.818639
 -0.214894   0.976126  0.0352214   0.133415
  0.353959  0.0442102   0.934344 -0.0832254
        -0          0          0          1
2	12	47
-0.916376 -0.382534   0.11799   3.29854
 0.395476 -0.819384   0.41498   1.68731
-0.0620656   0.42694  0.902147 -0.356386
        0         0         0         1
3	13	47
  0.989523   0.112097  0.0915848 -0.0179861
 -0.124319   0.982231   0.140979  -0.452106
-0.0741502   -0.15088   0.985823   0.480076
         0         -0          0          1
4	13	47
 0.975802 0.0518066  0.213414 -0.068034
-0.0926981  0.978313  0.186359 -0.236268
 -0.19909  -0.20159  0.959242  0.805224
        0        -0         0         1
0	13	47
0.0173663  0.656359 -0.761537   1.98952
-0.525507  0.655243  0.552761 -0.169725
 0.857081  0.388454  0.354349  -1.39159
       -0         0         0         1
6	13	47
 0.939539  0.337381 0.0587328 -0.580877
-0.339942  0.898086  0.279087 0.0656683
0.0414115 -0.282177  0.958473  0.122761
        0         0        -0         1
5	13	47
  0.927406 -0.0793252   0.365997 -0.0249839
0.00575701   0.980374   0.197895  -0.565002
  -0.37445  -0.181393   0.909511   0.999473
        -0         -0         -0          1
1	13	47
-0.248063  0.516637 -0.819564   2.36377
-0.570576  0.605811  0.554591  0.572555
 0.782971  0.605157  0.144491  -1.00641
       -0         0         0         1
3	14	47
  0.683004   0.618947  -0.388127   -0.13483
 -0.471249   0.779261   0.413411  -0.507261
  0.558267 -0.0994451   0.823822  -0.170085
         0          0          0          1
0	14	47
 0.784593  0.585335 -0.208546  0.134759
-0.415348  0.743864  0.525212 -0.475826
 0.462163 -0.325183  0.826048 0.0626526
        0         0         0         1
5	14	47
  0.908208  0.0886824  -0.409068   0.794114
-0.0431202   0.991942   0.119311  -0.828986
  0.416343 -0.0907176   0.904695  -0.140299
         0          0          0          1
2	14	47
 0.570638   0.59869 -0.562789   0.15036
-0.483899  0.798626  0.358924  0.300273
 0.664081 0.0674898  0.745138 -0.316901
       -0         0         0         1
6	14	47
-0.137023  0.762456  0.632408 -0.482484
-0.874655 -0.392833  0.284105   3.35845
 0.465036 -0.514195  0.720694  0.683048
        0         0         0         1
1	14	47
  0.512239   0.748639  -0.420982    0.20167
 -0.505237   0.659034   0.557211   0.324283
  0.694565 -0.0727266   0.715796  -0.253648
         0          0          0          1
7	14	47
 0.981951 0.0830079  0.171762 -0.451753
-0.149116  0.895722  0.419605 -0.431468
-0.118983 -0.437507  0.891656   1.30045
        0         0         0         1
3	15	47
  0.988919   0.161251 -0.0167866 -0.0252431
 -0.156025     0.9748   0.172241  -0.692234
 0.0440445  -0.167359   0.987065    0.53616
         0          0          0          1
2	15	47
   0.96749   0.247148 -0.0785672  -0.165605
 -0.232068   0.960526   0.163785  -0.156434
  0.115755  -0.139997   0.985034   0.484294
         0          0          0          1
5	15	47
-0.214882  0.387635  0.896737  0.521557
-0.950355  0.129771 -0.283827   2.94492
-0.226327 -0.912947  0.340408   2.96023
        0         0         0         1
4	15	47
 0.977799  0.133642  0.163304 -0.199365
-0.170352  0.956779  0.237011 -0.387962
-0.124533 -0.259489  0.958006  0.971213
        0         0         0         1
6	15	47
-0.0915948   0.820733   0.563951  -0.300536
 -0.988698 -0.0073755  -0.149846    3.19924
 -0.118822  -0.571293    0.81212    1.35808
         0          0          0          1
7	15	47
  0.702126  -0.278438   0.656035 -0.0329812
-0.0427782   0.902805   0.428957  -0.468518
 -0.711394    -0.3291   0.621696    2.27851
         0          0          0          1
0	16	47
-0.120939  0.595443 -0.794409   1.93002
-0.800486 -0.531861 -0.276789   2.69127
 -0.58725  0.602359  0.540895  0.717051
        0         0         0         1
3	16	47
  0.999787  0.0230684   0.027601   0.683785
-0.0240594    0.99949  0.0361605  -0.131314
-0.0267411 -0.0368008     0.9994   0.897324
         0          0          0          1
5	16	47
   0.943847   -0.142062    0.300999     0.39925
   0.132536    0.990637    0.051957    -0.24366
  -0.305313 -0.00913947    0.953062     1.16156
          0           0           0           1
1	16	47
-0.0484609   0.34545 -0.937223   1.94434
-0.793171 -0.583642 -0.174111   3.21451
-0.607128  0.734914  0.302274   1.05002
        0         0         0         1
2	16	47
  0.897307   0.441437 0.00936828 -0.0191318
 -0.440566   0.896539 -0.0472501   0.566089
-0.0292552  0.0382686   0.998896   0.662371
         0          0          0          1
6	16	47
 0.166061 -0.565831  0.808815   1.38657
 0.930508 -0.183964 -0.319744  0.920523
 0.329398  0.804932  0.495485 -0.480358
        0         0         0         1
4	16	47
   0.987583 -0.00419225    0.159428    0.102538
-0.00928915    0.996822   0.0837533   -0.218933
  -0.159213  -0.0841624    0.984035    0.948702
          0           0           0           1
7	16	47
 0.660938   0.71286  0.237396 -0.436915
0.0966644   0.23287 -0.968396   2.35622
-0.745105  0.662546 0.0849465   1.50125
        0         0         0         1
6	17	47
-0.215824  0.888439  0.405192  0.371096
-0.932983 -0.310087  0.182958   2.76211
 0.288179 -0.338536  0.895785  0.421021
        0         0         0         1
1	17	47
-0.588339  0.157008 -0.793254   2.82707
-0.630229 -0.703688  0.328145   2.47818
-0.506671  0.692976  0.512946  0.579105
        0         0         0         1
3	18	47
  0.919141   0.385833 -0.0813761   0.227932
 -0.388931   0.921072 -0.0258305   0.190645
 0.0649772  0.0553824   0.996503   0.587591
         0          0          0          1
7	18	47
 -0.61224  0.643705  0.461316    1.1681
-0.0612764 -0.619855    0.7836   1.50782
 0.789565  0.451031  0.418524  -1.12878
        0         0         0         1
7	19	47
-0.593769  0.802675 0.0627514   1.08475
-0.606733 -0.497351  0.620729   2.37543
 0.529244  0.330366  0.782013 -0.955327
        0         0         0         1
2	20	47
  0.381036  -0.857664  -0.345523    2.93596
  0.716893   0.510048  -0.475476   0.573644
  0.583985 -0.0665243   0.809135  -0.159165
         0          0          0          1
1	20	47
 -0.297547   0.954872  0.0110294   0.771238
 -0.926143  -0.285741   -0.24708    3.09447
 -0.232729 -0.0837142   0.969158    0.30846
         0          0          0          1
7	20	47
 -0.52718 -0.122755  0.841295  0.915991
-0.362873 -0.862722 -0.353269   3.88111
 0.768875 -0.491332  0.410108  0.578977
        0         0         0         1
0	22	47
0.0781116  0.182316 -0.980158    2.5699
-0.374431  0.916553  0.140646 -0.346182
 0.923985  0.356007  0.139855 -0.771438
        0         0         0         1
6	22	47
 0.970063 0.0639882 -0.235003  0.542804
-0.105114  0.980528 -0.166913  0.410048
 0.219709  0.186587  0.957736 -0.452951
        0         0         0         1
0	23	47
 0.429031  0.524678 -0.735594   1.46214
-0.339675  0.848234  0.406907  -0.19053
 0.837261 0.0752698  0.542016  -0.28398
        0         0         0         1
3	23	47
 0.422322  0.799985 -0.429706  0.775472
-0.591255  0.601928  0.539516     0.441
 0.689231 0.0261776  0.726123  0.113876
        0         0         0         1
4	23	47
-0.253724 -0.408713  0.878357  0.862856
 0.870395 -0.494873 0.0211521  0.994218
 0.425406  0.768757  0.480599 -0.436553
        0         0         0         1
6	23	47
 0.931223 -0.245514  0.269662  0.666275
 0.340196    0.3184 -0.884907   2.29176
 0.131386  0.915705  0.379992  -0.51829
        0         0         0         1
7	23	47
   0.86332   0.285621   -0.41632   0.424376
 -0.248483   0.958266   0.142151   0.431724
  0.439498 -0.0192712   0.898162   0.278139
         0          0          0          1
5	23	47
  0.732786   0.453335  -0.509469   0.970645
 -0.350198   0.891841   0.289875   0.417495
  0.585178 -0.0339662   0.811456   0.169315
         0          0          0          1
1	23	47
  -0.11828  -0.701157  -0.703145    3.53047
 0.0386122   0.704332  -0.708836      1.395
  0.992241  -0.110989 -0.0562347   0.680391
         0          0          0          1
2	23	47
  0.227243   0.804396   -0.55057    1.24353
 -0.627936   0.553206   0.549071   0.690505
  0.745571   0.220749   0.630248 -0.0659303
         0          0          0          1
0	24	47
  0.935854   0.350369 -0.0436645  -0.161536
 -0.318758   0.891596   0.322391  -0.483223
   0.15185  -0.287722   0.945857   0.568908
         0          0          0          1
3	24	47
  0.925309   0.278305  -0.258832  0.0203642
 -0.250887      0.959   0.134241   -0.44031
  0.285488 -0.0592584   0.956886   0.369869
         0          0          0          1
6	24	47
 0.402032 -0.543104  0.737558   1.22054
 0.914296  0.189636 -0.358729  0.644494
0.0549439  0.818328   0.57263 -0.807572
        0         0         0         1
5	24	47
  0.992593    0.13592 0.00536203 -0.0569031
 -0.134787   0.977464   0.173607  -0.601526
 0.0183214  -0.172721   0.986698    0.91572
         0          0          0          1
2	24	47
  0.841309   0.411725  -0.351822 -0.0900408
 -0.354789     0.9101   0.216654  -0.123336
  0.409171 -0.0574191   0.911251   0.167032
         0          0          0          1
1	24	47
  0.813095   0.442177  -0.378885   0.012981
 -0.372483    0.89514   0.245314 -0.0951781
  0.447583  -0.058329   0.892449 -0.0508587
         0          0          0          1
7	24	47
 0.893244  -0.17026  0.416202 0.0976554
 0.059922  0.962408    0.2651 -0.205083
-0.445671 -0.211849  0.869825   1.58302
        0         0         0         1
0	25	47
 0.974634 0.0345819  0.236703 0.0930941
-0.0698953  0.990854  0.143034 -0.413195
-0.228777 -0.155397  0.964701  0.806219
        0         0         0         1
3	25	47
   1.00011 -0.0264346 0.00525618 -0.0411592
 0.0265692   0.999741 -0.0274052  -0.553487
-0.00452801  0.0275343    1.00008   0.457185
         0          0          0          1
2	25	47
   0.999421   0.0184722  -0.0293447    0.152466
 -0.0183975     0.99985  0.00280164   -0.474307
   0.029391 -0.00225958    0.999588    0.316922
          0           0           0           1
5	25	47
  0.898964  -0.195415   0.392217 -0.0487392
  0.192093   0.980276  0.0481274  -0.820516
 -0.393855  0.0320758   0.918698    1.06416
         0          0          0          1
6	25	47
-0.269068  0.906158  0.326895  0.266996
-0.896591 -0.111448 -0.429052   3.75292
-0.352291 -0.408458  0.842279   1.55537
        0         0         0         1
1	25	47
  0.878009   0.461955   0.130664  -0.598436
 -0.466821   0.885096 0.00764429   0.925029
 -0.112041  -0.067662   0.992092   0.695046
         0          0          0          1
7	25	47
0.00665684 -0.943592  0.331195   2.37339
 0.893514 -0.143127 -0.425734  0.983774
   0.4491  0.298746  0.842117 -0.395177
        0         0         0         1
3	26	47
 0.994398 0.0793246 0.0719674 -0.126021
-0.0525848  0.947035 -0.317269  0.243507
-0.093309   0.31166   0.94576  0.604131
        0         0         0         1
0	26	47
  0.123593  -0.990166 -0.0657062    2.95558
  0.946061   0.137556  -0.293375  -0.238492
  0.299526 -0.0259025   0.953748  0.0681172
         0          0          0          1
6	26	47
 0.288872 -0.253677  0.923199  0.751435
 0.903182 -0.247745 -0.350685  0.799206
 0.317663  0.935076  0.157542 -0.398552
        0         0         0         1
3	27	47
 0.986437 0.0241319  0.164478 -0.167423
0.0381595  0.930453  -0.36537 0.0566698
  -0.1618  0.366564  0.916594  0.887064
        0         0         0         1
5	27	47
 0.757731 -0.406281  0.510712  0.612852
 0.580635  0.776966 -0.243382  -0.38426
-0.297917  0.480943  0.824612   1.05313
        0         0         0         1
2	27	47
 0.998354 0.0400272 0.0422724 -0.209523
-0.021359  0.927369 -0.373672  0.210163
-0.0541562  0.372135  0.926651  0.509807
        0         0         0         1
1	27	47
 0.991278  0.130332 0.0208016 -0.288016
-0.117502  0.943271 -0.310622  0.485525
-0.0601047  0.305461  0.950333  0.454755
        0         0         0         1
4	27	47
  0.931956  0.0116538   0.366189  -0.392382
  0.117949   0.938049  -0.330035 -0.0288112
 -0.346868   0.350284   0.871639    1.10117
         0          0          0          1
7	27	47
  0.480723 -0.0662409   0.875203   0.279471
   0.35461   0.927467   -0.12458   0.338774
 -0.802883   0.369974   0.469001    2.02111
         0          0          0          1
3	28	47
   0.904433    0.400346   -0.148747 0.000493481
  -0.426527    0.828879   -0.362541    0.882708
 -0.0218434     0.39126     0.92024    0.474344
          0           0           0           1
0	28	47
  0.0454129   -0.999188 -0.00260855     3.06241
   0.838647   0.0395357   -0.543649  -0.0245484
    0.54319   0.0224965    0.839574   -0.273613
          0           0           0           1
5	28	47
  0.989531 -0.0193684   0.143925   0.111191
 0.0778971   0.907327   -0.41346   0.247949
 -0.122563   0.420288    0.89922     0.5428
         0          0          0          1
2	28	47
 0.840478  0.466376 -0.280997  0.312039
-0.534708  0.804482 -0.264128   1.36093
 0.102727  0.371711    0.9242  0.354466
        0         0         0         1
6	28	47
  -0.708833   -0.705828 0.000179713     3.54426
   0.610546   -0.613274   -0.501763     2.03033
   0.354156   -0.355443    0.865374    0.631023
          0           0           0           1
4	28	47
  0.998653  0.0550365 -0.0218599  -0.126628
-0.0591974   0.937769  -0.343365   0.616966
0.00160111   0.344056   0.939381   0.598699
         0          0          0          1
1	28	47
 0.503605  0.832103 -0.233828  0.583063
-0.863947  0.492695 -0.107411   2.13742
 0.025819   0.25602  0.966684  0.416508
        0         0         0         1
7	28	47
 0.743667  0.217602  0.632828 -0.126434
-0.110654  0.973025 -0.204546  0.966883
-0.659983 0.0820535  0.747362   1.47816
        0         0         0         1
6	29	47
 0.883152 -0.153048 -0.444042   1.14997
0.0570608  0.973638 -0.222096  0.714983
 0.466198   0.17076  0.868363 -0.260671
        0         0         0         1
3	29	47
 0.867296  0.415504 -0.275086  0.327223
-0.483012  0.836747 -0.258984   1.00681
 0.122536  0.357393   0.92616  0.204584
        0         0         0         1
2	29	47
   0.818181     0.37829   -0.434117    0.746616
  -0.523159    0.803478   -0.285846     1.31331
   0.240552    0.460761    0.854877 -0.00376129
          0           0           0           1
4	29	47
 0.923169   0.36553 -0.140284  0.328307
 -0.39127  0.848351 -0.364336  0.850521
-0.0141266  0.390154  0.923641  0.115444
        0         0         0         1
7	29	47
  0.798207    0.17874   0.575354 -0.0857264
 -0.027134    0.96473  -0.262059    1.07716
 -0.601868   0.193555    0.77486     1.0721
         0          0          0          1
6	30	47
 0.924722  0.137062  0.355351 -0.675503
-0.0270421  0.954356 -0.297731   1.16241
-0.379906  0.265686  0.886146   1.08539
        0         0         0         1
5	30	47
  0.0882103   -0.907199    0.412663     2.81762
   0.996166   0.0930895 -0.00829096   -0.342989
 -0.0308764     0.41159     0.91144    0.316986
          0           0           0           1
3	30	47
  0.869161 -0.0253342   0.495916  -0.226632
  0.216177   0.919301  -0.331916  -0.228996
 -0.447037   0.395296   0.803687    1.30231
         0          0          0          1
0	30	47
 0.562768  0.101585 -0.820462   1.35257
-0.415682  0.892697 -0.174593   1.02857
 0.714621  0.439266  0.544558  -1.10547
        0         0         0         1
4	30	47
  0.795178 -0.0118363   0.608214  -0.130148
  0.238735   0.926765  -0.294086  -0.105958
 -0.559527   0.378603   0.738893    1.49909
         0          0          0          1
1	30	47
    0.2418  0.0619722  -0.968428    1.82146
 -0.465494   0.883125 -0.0597125    1.61273
  0.851474   0.465199   0.242367  -0.878971
         0          0          0          1
7	30	47
-0.902233 -0.212982  0.375145   2.93406
0.0644732 -0.926483 -0.370936   3.03928
 0.426543 -0.310465  0.849584  0.462347
        0         0         0         1
0	31	47
 0.961859 0.0648644 -0.265783  0.322882
-0.165984   0.91063 -0.378448  0.646226
  0.21748  0.408125  0.886654 -0.600724
       -0         0         0         1
3	31	47
-0.148229  0.970703  0.189245  0.501921
-0.984111 -0.125813 -0.125479   3.09044
-0.097991 -0.204833  0.973905  0.991371
       -0        -0         0         1
6	31	47
 0.474354  0.120557  0.872068 -0.412528
   0.1761  0.957588 -0.228168  0.537845
-0.862568  0.261797  0.432995   2.11636
        0         0         0         1
1	31	47
 0.803995  0.236317 -0.546271  0.456982
-0.361173  0.923457 -0.132082   1.31142
 0.473088   0.30339  0.827531  -0.55775
        0         0         0         1
2	31	47
 0.840004  0.145268 -0.524495 0.0719734
-0.316351  0.915223 -0.253164   1.36522
 0.442855  0.378242  0.814013 -0.361958
        0         0         0         1
7	31	47
 0.921895 0.0142917  0.387396 -0.867317
 0.138535  0.921265 -0.363661  0.568108
-0.362061  0.388892  0.847258  0.942027
        0         0         0         1
0	32	47
  0.868773    0.12026   0.480411 -0.0490084
-0.0124236   0.975067  -0.221619   0.273347
 -0.495079   0.186565   0.848595   0.390203
        -0          0         -0          1
3	32	47
 0.957527 0.0673773  0.280888  -0.98715
0.0296231  0.944527 -0.327548  0.682033
-0.287333  0.321909   0.90228  0.375873
       -0         0         0         1
5	32	47
-0.922312  0.380284 0.0754929   2.49623
-0.179808 -0.592154  0.786129   1.33216
 0.343488  0.711135   0.61423 -0.895224
       -0         0         0         1
1	32	47
 0.974876  0.147416  0.167509 0.0485135
-0.0948587  0.953337 -0.286923   0.94413
-0.201972  0.263802  0.943287 0.0540378
       -0         0        -0         1
2	32	47
 0.981382 0.0523666   0.18611 -0.313012
0.0153404  0.938728 -0.345026  0.852447
-0.192727  0.341375  0.920223   0.13042
       -0         0         0         1
7	32	47
  0.362897  -0.100932   0.926417  -0.523342
  0.294539   0.955641 -0.0112613  -0.076571
 -0.884128   0.276935   0.376503     1.7753
         0          0          0          1
6	33	47
-0.616112 -0.458657  0.640633   2.19059
 0.773331 -0.507663  0.380274  0.914578
 0.150782  0.729578  0.667347 -0.462405
        0         0         0         1
7	33	47
 0.267464   0.40976  0.872171 -0.472547
 0.957216 -0.217246 -0.191478  0.412219
 0.111008  0.886015 -0.450308  0.667852
        0         0         0         1
6	34	47
-0.426186 0.415559 -0.80354  2.97855
-0.841199 -0.50881 0.183023  3.06603
-0.332793 0.753939 0.566416 0.150278
       0        0        0        1
5	34	47
 -0.897702   0.439602 -0.0714254    2.80235
 -0.406016  -0.741742   0.537764    2.39932
  0.183037   0.510675   0.842572  -0.247673
         0          0          0          1
7	34	47
-0.624802  0.610584  0.488603   1.20099
-0.146979 -0.705944  0.694236   2.18515
 0.768077  0.361598  0.530308 -0.887257
        0         0         0         1
3	35	47
  0.935943  -0.152132   0.318551  -0.552345
  0.311335 -0.0697589  -0.948057    1.91127
  0.166401   0.986204 -0.0179202   0.136384
         0          0          0          1
4	35	47
-0.856206  0.408635 -0.317026   3.32926
 -0.51624 -0.712452  0.475904   2.60323
-0.0313861  0.570969  0.820723 -0.129136
        0         0         0         1
6	35	47
 -0.952394 -0.0591248  -0.299084    3.17651
 -0.190121  -0.651713   0.734251    1.76374
  -0.23833   0.756158   0.609446  -0.209557
         0          0          0          1
5	35	47
-0.836156  0.523911 -0.162359   2.69979
-0.526152 -0.682536  0.507256   2.27425
 0.154941   0.50957  0.846363 -0.464364
        0         0         0         1
2	36	47
  0.966854   0.125553  -0.222327   0.409544
 -0.158629   0.977686  -0.137717   0.986339
  0.200075   0.168419   0.965196 0.00768157
         0          0          0          1
5	36	47
-0.493365  0.697689 -0.519909   2.71497
-0.837901 -0.542052  0.067717   3.77697
-0.234515  0.468928  0.851817   0.51452
        0         0         0         1
4	36	47
-0.587338  0.528204 -0.614187   3.53296
-0.770512 -0.598456  0.222156   3.43745
-0.250071   0.60336  0.758032  0.480989
        0         0         0         1
5	37	47
-0.759846  0.570918 -0.311186   2.61333
-0.649974 -0.653776  0.387634   2.25622
0.0178595  0.496768  0.867786 -0.188183
        0         0         0         1
6	37	47
-0.717859 -0.314662  0.621431   2.81972
 0.662899 -0.582651  0.470736  0.219012
   0.2139  0.749677  0.626691 -0.693415
        0         0         0         1
4	37	47
-0.538496  0.518827  -0.66402   3.37324
-0.799934 -0.562514  0.209202   3.35782
-0.264969    0.6438  0.717909  0.538332
        0         0         0         1
1	37	47
-0.942047 -0.279795  0.188368   3.74642
 0.333797 -0.693078  0.639877   0.58581
-0.0484505  0.665265  0.745852 -0.124494
        0         0         0         1
7	37	47
 0.598019  0.646933  0.475557 -0.670821
 0.504697  0.158304 -0.850014   2.00279
-0.624467  0.747476  -0.23157   1.82358
        0         0         0         1
3	38	47
  0.890616  -0.165275   0.424497  -0.411826
  0.395078  -0.183819  -0.900463    1.69234
  0.226773   0.969333 -0.0983805   0.284807
         0          0          0          1
6	38	47
  0.707789   0.206685   -0.68752   0.884385
 -0.691298 -0.0642452  -0.730992     3.9328
 -0.193675   0.984643  0.0966212   0.496812
         0          0          0          1
2	38	47
 -0.971533 -0.0518666  -0.237403    3.82126
 -0.116254  -0.759952   0.641782      1.429
 -0.213389   0.650161   0.731219   0.284037
         0          0          0          1
5	38	47
 -0.44984  0.679717 -0.579751   2.70892
-0.853582 -0.518587 0.0543041   3.64338
-0.263676  0.519168  0.813279  0.491449
        0         0         0         1
4	38	47
 -0.82183  0.393278 -0.412707   3.51707
-0.562861 -0.674653  0.477942   2.45488
-0.0904515   0.62496  0.775657 0.0286249
        0         0         0         1
1	38	47
-0.944103 -0.259164  0.205602   3.60288
 0.329587 -0.683378  0.652023  0.700081
-0.0284655  0.683079  0.730316 -0.152842
        0         0         0         1
7	38	47
-0.597931 0.769426 0.225615  1.57777
-0.463633 -0.56139 0.685802  2.29809
0.654187 0.305393 0.692252 -1.17067
       0        0        0        1
3	39	47
  0.997312 0.00337185  0.0738773 0.00411618
 0.0733604   -0.17145  -0.982509    2.38187
0.00935346   0.985238  -0.171228   0.703827
         0          0          0          1
6	39	47
  0.987839 -0.0122367  -0.154994   0.188824
 -0.154505  0.0339778  -0.987407    3.62894
 0.0173483   0.999347  0.0316743   0.296674
         0          0          0          1
4	39	47
-0.503348   0.50326 -0.702556   3.19974
-0.820505  -0.53357  0.205642   3.45182
-0.271342  0.679887  0.681426  0.561089
        0         0         0         1
5	39	47
-0.795622  0.519509 -0.311605    2.7997
-0.601031 -0.612544  0.513375   2.24287
0.0758307  0.595736  0.799594 -0.220006
        0         0         0         1
1	39	47
-0.762163 -0.391445   0.51565   2.61506
 0.637356 -0.593436  0.491557  0.123295
 0.113587  0.703293  0.701778  -0.55751
        0         0         0         1
2	39	47
  0.956179   0.134799  -0.259903   0.456923
 -0.163162   0.982417 -0.0907398   0.857897
  0.243102    0.12917   0.961362  0.0567322
         0          0          0          1
5	40	47
-0.436168  0.608823 -0.663369   2.96922
-0.860453 -0.498962  0.107817   2.83705
-0.265226  0.617526  0.741136 0.0385716
        0         0         0         1
2	40	47
 -0.951435 0.00680935  -0.307802    3.76675
 -0.206236  -0.756405   0.620754    1.60025
 -0.228594   0.654081   0.721069    0.29978
         0          0          0          1
3	41	47
-0.798195  0.190135 -0.571606   3.96853
-0.532702 -0.665835   0.52239   2.29071
-0.281271  0.721464  0.632752  0.548897
        0         0         0         1
6	41	47
   0.86066   0.118283  -0.495334   0.854471
 -0.492676 -0.0528197  -0.868655    3.61134
 -0.128905   0.991616  0.0128151   0.412698
         0          0          0          1
1	41	47
-0.925935 -0.231892  0.298124   3.27553
 0.377486 -0.594323  0.710135  0.544127
0.0125069  0.770073  0.637838 -0.209368
        0         0         0         1
2	41	47
-0.968918 -0.150011  0.196728   2.99669
 0.244446 -0.702945  0.667923  0.907382
0.0380926  0.695249  0.717763 -0.107359
        0         0         0         1
5	42	47
-0.740877  0.535187 -0.405956    2.6462
-0.671727 -0.587413  0.451503   2.04745
0.00317494  0.607162   0.79465 -0.281488
        0         0         0         1
4	42	47
 -0.79998  0.406216 -0.441828   3.44133
-0.594021 -0.641135  0.486083   2.52145
-0.0858077  0.651249  0.754124 0.0449161
        0         0         0         1
0	42	47
 -0.943403 -0.0171077   0.331207     3.2185
  0.258717  -0.662792   0.702689   0.705802
    0.2075   0.748608   0.629706  -0.724004
         0          0          0          1
6	42	47
 -0.951397  0.0385493  -0.305545    2.75178
 -0.270266   -0.58017   0.768347    1.91262
  -0.14765   0.813582   0.562391 -0.0772696
         0          0          0          1
2	42	47
   0.988808   -0.155494 -0.00380712    0.540898
 -0.0275124   -0.150735   -0.989169     2.69308
   0.153088    0.977259   -0.153178    0.472491
          0           0           0           1
7	42	47
  -0.5721  0.668129  0.475714  0.875086
0.0548101 -0.547568  0.834963   1.28923
  0.81835  0.503757  0.276644 -0.571551
        0         0         0         1
2	43	47
  0.980933 -0.0644545  -0.183346   0.572688
 -0.181796  0.0291881  -0.982903    2.86135
 0.0687035   0.997493   0.016914    0.36458
         0          0          0          1
4	43	47
-0.973366    0.1995 -0.114107   3.10126
 -0.22905 -0.801247  0.552993   2.10665
0.0188912  0.564327  0.825494 -0.064502
        0         0         0         1
1	43	47
-0.899124 -0.347009  0.272948   3.32669
 0.440398  -0.66137    0.6099  0.828141
-0.0310693  0.667468   0.74623 -0.167513
        0         0         0         1
5	43	47
-0.835181   0.50317 -0.226303   2.79389
-0.538165 -0.652535  0.535253   1.88907
 0.121536  0.568276  0.814992 -0.412459
        0         0         0         1
7	43	47
-0.581272   0.52947  0.619583  0.881741
 0.214955 -0.634478  0.743863    1.1672
  0.78614  0.564977  0.254725 -0.755462
        0         0         0         1
5	44	47
-0.815634  0.557381 -0.155133   2.54004
-0.572375 -0.738234  0.356929   2.39127
0.0844211  0.379918   0.92116  -0.22688
        0         0         0         1
2	44	47
  0.996918  0.0281168  -0.101179   0.287675
-0.0197221   0.998778  0.0832355    0.54621
  0.103144 -0.0807863   0.993836   0.394109
         0          0          0          1
4	44	47
  0.926822  -0.230571   0.296518  -0.381455
  0.260155    0.96349 -0.0639568  0.0459705
 -0.270934   0.136412   0.952928   0.943412
         0          0          0          1
7	44	47
-0.637047  0.588987  0.502708   1.35814
-0.182681 -0.746903  0.643594   2.11481
 0.752495  0.317301  0.581826  -1.06968
        0         0         0         1
3	45	47
 0.938829  0.224357 -0.262486  0.492179
-0.307333  0.196255 -0.931485   2.11329
 -0.15742  0.954873  0.253122  0.308122
        0         0         0         1
5	45	47
 -0.92064  0.366388  0.134838   2.47119
-0.290261 -0.873327  0.391214   2.35136
 0.261094  0.321029  0.910368 -0.212359
        0         0         0         1
6	45	47
-0.536053  0.434271 -0.724279   3.08433
-0.780547 -0.582254  0.228584   3.81548
-0.322363  0.687687  0.650917  0.430889
        0         0         0         1
7	45	47
  0.615769    0.42502   0.663465  -0.824635
  0.585815   0.316157  -0.746234    1.73103
 -0.526923   0.848176 -0.0543031    1.48515
         0          0          0          1
3	46	47
  0.980703   0.160519  -0.112008 -0.0357382
 -0.123997  0.0667039  -0.990084    2.17925
 -0.151449   0.984822  0.0853169   0.592917
         0          0          0          1
0	46	47
-0.979177 0.0691989  0.192384   3.60764
 0.045874 -0.842895  0.536666   1.43354
 0.199238  0.534159  0.821928  -0.61263
        0         0         0         1
4	46	47
   0.898778    0.276972   -0.339828    0.396909
  -0.259208    0.960877   0.0975971     0.70466
   0.353565 0.000368002     0.93541    0.311674
          0           0           0           1
6	46	47
 -0.980119 -0.0280673  -0.203637    2.81552
 -0.106064  -0.780761   0.618103    2.03096
 -0.176085   0.626508   0.761162 -0.0206562
         0          0          0          1
7	46	47
  -0.4677  0.387904  0.794221  0.678367
 0.342708 -0.748681  0.567475   1.50233
 0.814744  0.537594   0.21722 -0.391345
        0         0         0         1
8	9	47
    0.909689    -0.210218     0.358562   -0.0620496
    0.195609     0.977804    0.0769976    -0.109659
   -0.366736 9.41869e-005     0.930482     0.400854
          -0           -0            0            1
14	15	47
 0.813936 -0.362174  0.457163  0.396667
 0.349582   0.93121  0.115324 -0.160383
-0.466862 0.0658613  0.883381  0.654763
        0         0         0         1
11	12	47
 0.920352  0.227084 -0.320413  0.561477
-0.235579  0.972433 0.0125094  0.269634
  0.31422 0.0639282  0.947871 -0.456279
       -0         0         0         1
12	13	47
  0.975808 -0.0370162   0.216128 0.00796934
 0.0149414   0.994721   0.102902  -0.453435
 -0.218766 -0.0971693   0.971072   0.406609
        -0         -0         -0          1
13	14	47
 0.605106 -0.447163  0.658921  0.734836
  0.42534  0.881122  0.207354 -0.657773
-0.673215  0.154772  0.723265   1.25472
        0         0         0         1
10	12	47
   0.881477    0.465163  -0.0934134    0.347651
  -0.467483    0.885184 -0.00343715    0.835378
  0.0810038   0.0466499    0.996678    -0.12102
         -0           0           0           1
15	16	47
 0.967502   0.12927  0.217599 -0.139667
-0.0935004  0.981512 -0.167367  0.838818
-0.235197  0.141574  0.961644  0.727115
        0         0         0         1
14	16	47
   0.726552   -0.207727    0.655079    0.290254
   0.281395    0.959643 -0.00779274    0.560848
  -0.626974    0.189983    0.755624     1.33373
          0           0           0           1
11	13	47
 0.994667 0.0999159 0.0731123  0.261113
 -0.10891  0.987628  0.131989 -0.455612
-0.0588821 -0.138923  0.990921  0.164588
        0        -0         0         1
13	15	47
 -0.180875   0.682103    0.70871 -0.0839996
 -0.910248   0.157041  -0.383455    3.09565
 -0.372805   -0.71437   0.592404    2.44703
         0          0          0          1
12	14	47
0.0218728  0.498064  0.867314 -0.246957
-0.964469 -0.219149  0.150172   2.97825
 0.264763 -0.839455  0.475389    2.0407
        0         0         0         1
8	11	47
   0.999897  0.00693045    0.013872    0.597564
-0.00681802    0.999961 -0.00812082    0.273928
  -0.013927  0.00802572    0.999888   -0.374942
          0           0           0           1
9	12	47
  0.777158   0.539385  -0.324402    0.44387
 -0.577725   0.815857 -0.0275049   0.767295
  0.249811   0.208775   0.945596   -0.70621
        -0          0          0          1
15	17	47
 0.836089   0.23164  -0.49763  0.834432
-0.354279  0.920319 -0.166843   1.08576
  0.41926  0.315742   0.85139 -0.491279
       -0         0         0         1
12	15	47
-0.233294  0.546844  0.804162  0.362798
-0.921919  0.138811 -0.361851    2.7807
 -0.30948 -0.825732  0.471728   2.56374
        0         0         0         1
14	17	47
    0.976287 -0.000998029     0.216803     0.359638
   0.0480588     0.976177     -0.21192      1.13451
   -0.211411     0.217299      0.95301      0.19504
           0            0            0            1
11	15	47
  0.986804   0.162261 -0.0128757  -0.118875
 -0.159085   0.978175   0.134688  -0.261495
 0.0344444  -0.130844   0.990944   0.355842
         0          0          0          1
12	16	47
-0.952159 0.0541324  0.303208   2.37266
0.0987221 -0.879544  0.467043   1.51361
 0.291752  0.474284   0.83151 -0.315441
        0         0         0         1
10	15	47
  0.953529   0.241688   -0.17994  -0.116611
 -0.228527   0.969289  0.0909105  -0.326167
  0.196384 -0.0455639   0.979472  -0.177922
         0          0          0          1
15	18	47
-0.986106  0.126276  0.114314     3.147
-0.0548153 -0.871128  0.489438   2.53397
 0.161273  0.476035  0.865333 -0.504308
        0         0         0         1
13	18	47
  0.452533  -0.296816   0.841093   0.786075
  0.801669  -0.278079  -0.529454    1.65007
  0.390977   0.913726    0.11209 -0.0944329
         0          0          0          1
8	13	47
-0.0778996 -0.820167  -0.56682   3.60354
 0.809489  0.279846 -0.516177   0.76045
 0.581966 -0.499038  0.642108  0.148976
        0         0         0         1
12	17	47
  0.868617   0.439585  -0.229141  0.0145154
 -0.437802   0.897103  0.0614042   0.211745
  0.232528  0.0469762   0.971576 -0.0059945
         0          0          0          1
10	16	47
 -0.956759  -0.277098   0.102189    2.82914
  0.294673  -0.872346   0.393438    1.36266
-0.0198504   0.406007   0.915084 0.00829165
         0          0          0          1
15	19	47
-0.0987125  -0.989408  -0.106437    2.81508
  0.893316 -0.0409786  -0.447556    1.46267
  0.438454  -0.139261   0.887899   0.919745
