6	7	47
 0.787813 -0.246348  0.564503 0.0527544
0.0307606  0.931121  0.363411 -0.245348
-0.615146 -0.268935  0.741127   1.22993
        0         0         0         1
5	6	47
 0.843713 -0.117212  0.523842  0.556861
  0.19966  0.974378 -0.103555  -0.37632
-0.498282   0.19196  0.845498  0.655904
        0         0         0         1
4	5	47
   0.986556   0.0735455   -0.145943    0.731441
 -0.0725322    0.997291   0.0122592    0.166054
   0.146449 -0.00150886    0.989217   -0.330972
          0           0           0           1
3	4	47
  0.990415  0.0853042  -0.108635   0.567385
-0.0902616   0.995051 -0.0415584   0.109207
  0.104553  0.0509656   0.993213   -0.15329
         0          0          0          1
6	8	47
 0.840158 -0.359489 -0.406081   1.13079
 0.469673  0.856676   0.21334  -0.46857
 0.271187 -0.369965  0.888586  0.445682
        0         0         0         1
1	2	47
   0.999681   0.0248228 -0.00473738    0.386722
 -0.0243383    0.996176   0.0839114  -0.0543439
 0.00680234  -0.0837693    0.996462   -0.026089
          0           0           0           1
7	8	47
 0.663537 -0.452651  0.595673  0.483323
 0.407549  0.886389  0.219586 -0.680326
-0.627394 0.0970625  0.772629   1.17837
        0         0         0         1
2	3	47
  0.992159  0.0810989 -0.0950961   0.622229
-0.0794366   0.996616  0.0211427   0.193535
 0.0964889 -0.0134226   0.995244  -0.134678
         0          0          0          1
7	9	47
 0.260102 -0.552087  0.792179  0.940698
  0.40043  0.808217  0.431788 -0.446941
-0.878637  0.204903  0.431291   1.42044
        0         0         0         1
3	5	47
 0.955094  0.172323  -0.24104   1.33406
-0.173669  0.984677  0.015815   0.16096
 0.240072 0.0267564  0.970387 -0.353483
        0         0         0         1
0	1	47
  0.947622  -0.109571    0.30001   0.126413
 0.0924985   0.993209  0.0705765  -0.786685
 -0.305706 -0.0391295   0.951322   0.338261
         0          0          0          1
1	3	47
 0.989633 0.0959782 -0.106843   1.12716
-0.0841562  0.990346  0.110145 0.0598807
 0.116383 -0.100011  0.988156 -0.171028
        0         0         0         1
6	10	47
 0.780046 -0.508579 -0.364522   1.04295
 0.615104  0.730122  0.297607 -0.512572
 0.114789 -0.456366  0.882357  0.399385
        0         0         0         1
4	8	47
  0.996784 -0.0684595  0.0416574   -1.02509
 0.0652198   0.995071  0.0747004  -0.392669
-0.0465659 -0.0717433   0.996336   0.791085
         0          0          0          1
7	10	47
 0.442689 -0.503919  0.741682   1.07646
 0.367465  0.856454  0.362569 -0.196938
-0.817922  0.112037  0.564316  0.740685
        0         0         0         1
5	8	47
  0.964114  -0.113134   0.240175  -0.933835
 0.0865684    0.98918   0.118448  -0.553008
 -0.250977 -0.0934056   0.963476    1.40534
         0          0          0          1
6	11	47
 0.976407 0.0674591 -0.205134  -1.08595
-0.0251669  0.979028  0.202166  0.199385
  0.21447 -0.192234  0.957627 -0.356305
        0         0         0         1
2	4	47
  0.971881   0.136418  -0.191934    1.17623
 -0.144553   0.989073 -0.0289759   0.253392
  0.185884  0.0559059    0.98098   -0.24174
         0          0          0          1
1	4	47
  0.858595   0.500984  -0.108769 -0.0261891
 -0.492367   0.864939  0.0972397   0.984979
  0.142794 -0.0299349     0.9893  -0.262744
         0          0          0          1
7	12	47
-0.458416 -0.440525  0.771876   1.55197
-0.378222 -0.689233 -0.617985   4.54978
 0.804241 -0.575235  0.149339  0.936872
        0         0         0         1
6	12	47
 0.926242  0.152389 -0.344753 -0.331594
-0.083553  0.974886  0.206441  0.246062
 0.367553 -0.162409  0.915712 -0.519714
        0         0         0         1
3	8	47
 0.992232 0.0632723 -0.107114 -0.863557
-0.0578567  0.996921 0.0529365 -0.182888
 0.110134 -0.046328  0.992837  0.459968
        0         0         0         1
0	2	47
 0.956921 -0.110454   0.26852  0.526685
0.0714682  0.985966  0.150879 -0.816598
-0.281417 -0.125189  0.951385  0.153597
        0         0         0         1
4	9	47
  0.867545  -0.331706    0.37059  -0.976919
  0.272438   0.940323   0.203888  -0.579237
 -0.416105 -0.0759193   0.906142     1.1968
         0          0          0          1
2	5	47
 0.894404  0.207452  -0.39624   1.35414
-0.209741  0.977015 0.0380845  0.279808
 0.395033 0.0490448  0.917357 -0.490479
        0         0         0         1
3	9	47
  0.931295  -0.232765   0.280196   -0.44996
  0.200912   0.969854   0.137903  -0.438349
 -0.303848 -0.0721342   0.949986   0.924091
         0          0          0          1
1	5	47
 -0.129486   0.935871   0.327688  -0.231355
 -0.991092  -0.111769 -0.0724209    3.91353
-0.0311515  -0.334146   0.942006   0.609244
         0          0          0          1
0	3	47
 0.972195 -0.107866  0.207853   1.13986
0.0702785  0.981076   0.18042 -0.689139
-0.223381 -0.160796  0.961377 -0.126376
        0         0         0         1
5	9	47
  0.745692  -0.342057   0.571787  -0.860802
  0.261796   0.939562    0.22065   -0.64409
 -0.612704 -0.0148452   0.790173    1.79775
         0          0          0          1
7	13	47
-0.753368  0.603246  0.261785  0.945858
-0.158794 -0.553193  0.817779   1.45453
 0.638139  0.574518   0.51255  -1.19711
        0         0         0         1
6	13	47
 0.984885 0.0438272 -0.167576  0.153349
0.00213179   0.96432  0.264733 -0.111266
   0.1732 -0.261088   0.94965  0.020519
        0         0         0         1
2	7	47
 0.481829  0.398375 -0.780473   1.34137
-0.397026  0.893262   0.21084  0.248609
  0.78116  0.208279  0.588565 -0.590351
        0         0         0         1
1	6	47
 0.438769 -0.806329 -0.396631   2.89126
 0.841842  0.523228 -0.132415 -0.718236
 0.314299 -0.275801  0.908378  0.178193
        0         0         0         1
0	4	47
   0.999261  -0.0383952 -0.00211129    0.982682
  0.0384462    0.996507   0.0741398   -0.597213
-0.000742644  -0.0741659    0.997246   -0.438547
          0           0           0           1
6	14	47
 0.743798 -0.387853  0.544367  0.470895
-0.0548819  0.776239  0.628046 -0.403664
-0.666148 -0.497015  0.556079   2.44657
        0         0         0         1
7	14	47
  0.997006 -0.0468426  0.0615308    0.14177
  0.029817   0.966999   0.253029  -0.376368
-0.0713527  -0.250436     0.9655   0.596495
         0          0          0          1
5	10	47
  0.887364  -0.280576   0.365871  -0.932185
  0.246344   0.959282   0.138177  -0.627561
 -0.389743 -0.0324835   0.920351    1.26951
         0          0          0          1
1	7	47
 0.482226  0.384924 -0.786951   1.62942
-0.351009  0.907936  0.229011  0.102185
 0.802653  0.165791  0.572942 -0.713995
        0         0         0         1
3	10	47
  0.984352 -0.0932741   0.149507 0.00723171
 0.0845271   0.994374  0.0638444  -0.214751
 -0.154621 -0.0502079   0.986697   0.598088
         0          0          0          1
6	15	47
 0.128015 -0.596811  0.792104   1.32086
 0.192769  0.798417  0.570413 -0.273973
-0.972858 0.0796715  0.217256   2.14697
        0         0         0         1
7	15	47
 0.693678 -0.635446  0.339146   1.04896
 0.623273  0.765552  0.159565 -0.733204
-0.361028  0.100694  0.927103  0.582674
        0         0         0         1
4	10	47
 0.956151  -0.16428  0.242464  -0.42104
  0.13299  0.981134  0.140319 -0.315388
-0.260941  -0.10192   0.95996  0.823129
        0         0         0         1
0	5	47
  0.988934 -0.0553377  -0.137652    1.33484
 0.0670858   0.994354  0.0822227  -0.611345
  0.132325 -0.0905474   0.987062  -0.679764
         0          0          0          1
2	8	47
  0.980046  0.0896283  -0.177419  -0.236705
-0.0753115   0.993457  0.0858593 -0.0766952
  0.183953 -0.0707846   0.980383   0.315745
         0          0          0          1
6	16	47
 0.0964477  -0.500035   0.860618    1.32284
  0.938815    0.33293  0.0882274 -0.0428352
 -0.330643   0.799452    0.50155   0.189798
         0          0          0          1
7	16	47
  0.563804  -0.322806   0.760211   0.533006
  0.195428   0.946458   0.256954   0.240708
 -0.802454 0.00369464   0.596702    1.86173
         0          0          0          1
0	6	47
 -0.994707  0.0909812 -0.0477601    3.28452
-0.0915529   -0.57368   0.813947    1.23718
  0.046655   0.814011   0.578973   -1.23766
         0          0          0          1
1	8	47
 0.978682  0.102504 -0.177975  0.195665
-0.0736465  0.984073  0.161791 -0.100935
 0.191724 -0.145235  0.970644  0.286197
        0         0         0         1
5	11	47
 0.946041 -0.161787   0.28077 -0.480706
 0.143914  0.986079 0.0832931 -0.344003
-0.290337 -0.038392  0.956154  0.898441
        0         0         0         1
3	11	47
   0.999442   0.0289522   0.0166708    0.671606
 -0.0289727     0.99958 0.000983864   0.0062356
 -0.0166353 -0.00146636    0.999861    0.274259
          0           0           0           1
6	17	47
 0.225484 -0.673645 -0.703818   2.74795
 0.459417  0.710578  -0.53293  0.722171
 0.859123 -0.203179  0.469708 0.0563064
        0         0         0         1
0	7	47
  0.755548   0.320251  -0.571477   0.962209
  -0.24469   0.947184   0.207289  -0.537026
  0.607679 -0.0167821   0.794006  -0.712481
         0          0          0          1
4	11	47
  0.989215 -0.0761425   0.125128   0.111489
 0.0621305    0.99173   0.112304  -0.185861
 -0.132645  -0.103318   0.985764    0.52871
         0          0          0          1
6	18	47
-0.481608 -0.373198  0.792955   1.97949
 0.851346 -0.413968  0.322242   0.50598
 0.207998  0.830273  0.517091  -0.66533
        0         0         0         1
7	18	47
 0.179402  0.787306 -0.589885  0.373143
-0.943631  0.307256  0.123101   1.89704
 0.278164  0.534549  0.798049 -0.183531
        0         0         0         1
1	9	47
  0.97467 -0.113793  0.192535   0.39571
0.0726599  0.975299  0.208599 -0.177887
-0.211516 -0.189325  0.958862  0.709856
        0         0         0         1
3	12	47
   0.97944   0.145566   -0.13967    1.23908
 -0.146836    0.98916 0.00123128    0.16268
  0.138335  0.0193025   0.990197 -0.0557611
         0          0          0          1
2	9	47
 0.967573 -0.145638  0.206379 0.0233452
 0.117528  0.982789  0.142525 -0.184242
-0.223584 -0.113648  0.968037  0.772612
        0         0         0         1
4	12	47
  0.999323  0.0363438 -0.0058078   0.585017
-0.0358259   0.996707  0.0727441  0.0311571
0.00843232 -0.0724868   0.997334    0.11447
         0          0          0          1
0	8	47
  0.994965 -0.0621482   0.078627   0.456433
 0.0424936   0.972109   0.230649  -0.905733
-0.0907682  -0.226146   0.969855    0.54617
         0          0          0          1
1	10	47
   0.999638 0.000597194   0.0269093      1.0367
-0.00491303    0.987006     0.16061  -0.0919534
 -0.0264638   -0.160684    0.986651    0.396107
          0           0           0           1
5	12	47
  0.986429 -0.0758623   0.145611 -0.0172772
 0.0707635   0.996696  0.0398897   -0.13234
 -0.148156 -0.0290446   0.988538   0.419391
         0          0          0          1
6	20	47
  0.512947  -0.822409  -0.246025    2.39126
  -0.71162  -0.567676   0.413934    1.85376
 -0.480086 -0.0372502   -0.87643     4.7865
         0          0          0          1
4	13	47
 0.978623 -0.125577  0.162875    1.1001
 0.103304  0.984933  0.138691 -0.468234
-0.177838 -0.118901  0.976851  0.369907
        0         0         0         1
2	10	47
  0.998482 -0.0188685  0.0517526     0.6138
 0.0144811   0.996371  0.0838782 -0.0502355
-0.0531475 -0.0830014   0.995132   0.483847
         0          0          0          1
3	14	47
 0.683868  0.148653 -0.714302    1.5701
-0.136217  0.987824 0.0751617 -0.670377
 0.716777 0.0458994   0.69579 -0.412069
        0         0         0         1
0	9	47
 0.849181 -0.303688  0.432048  0.811531
 0.176991  0.934461  0.308962 -0.916254
 -0.49756 -0.185896  0.847276  0.871949
        0         0         0         1
1	11	47
  0.982548  0.0892883   -0.16318    1.67429
-0.0582647   0.980845   0.185871 -0.0912478
   0.17665  -0.173119    0.96893   0.220413
         0          0          0          1
4	15	47
  0.90636 -0.351693 -0.234146   1.02243
 0.369788   0.92838 0.0369726  -0.74382
 0.204373 -0.120095  0.971498  0.358347
        0         0         0         1
5	13	47
  0.93464 -0.168457  0.313161  0.288488
 0.126431   0.98055  0.150123 -0.631261
-0.332359 -0.100718   0.93776  0.719976
        0         0         0         1
6	22	47
  0.704172   0.706216 -0.0734967  -0.474583
 -0.709958   0.701792 -0.0587234     1.3814
  0.010108   0.093531   0.995565  -0.222709
         0          0          0          1
7	22	47
 0.832039  0.289012  -0.47348  0.240521
-0.270958  0.956545  0.107725  0.136073
 0.484038 0.0386621  0.874192 -0.226963
        0         0         0         1
3	16	47
  0.712947  -0.629317  -0.309301    1.99952
  0.615982   0.772839  -0.152596  -0.223846
  0.335072 -0.0817312   0.938641   0.649591
         0          0          0          1
4	16	47
  0.995019 -0.0844181  0.0530135   0.355808
  0.067925   0.963421   0.259244  -0.342659
 -0.072959  -0.254351   0.964356    1.07659
         0          0          0          1
5	14	47
   0.321609    0.475932     0.81857   -0.440539
  -0.929777 -0.00480302    0.368093     2.36926
   0.179119   -0.879469    0.440965     2.34968
          0           0           0           1
7	23	47
  0.952925   0.298206  0.0548371  -0.332382
  -0.30099   0.952186  0.0524088   0.507036
-0.0365863 -0.0664471   0.997119   0.788875
         0          0          0          1
6	23	47
-0.0187908  0.759674  0.650033  -0.35157
 0.939187 -0.209558  0.272053  0.719957
 0.342891  0.615615 -0.709538   1.51656
        0         0         0         1
0	10	47
 0.903537 -0.425026 0.0545433   1.42624
 0.400027  0.882248  0.248226  -1.26952
-0.153623 -0.202462  0.967165  0.171311
        0         0         0         1
2	11	47
  0.993622  0.0758916 -0.0833961    1.26941
-0.0712893   0.995834  0.0568474  0.0636678
 0.0873629 -0.0505396   0.994894   0.252334
         0          0          0          1
7	24	47
  0.875383  -0.422747   0.234496   0.624937
  0.442998   0.895673 -0.0390209  -0.923662
 -0.193536    0.13804   0.971334   0.353281
         0          0          0          1
5	16	47
 0.943943 -0.301817  0.133711  0.620252
 0.299699  0.953348 0.0361851 -0.127968
-0.138394 0.0059163   0.99036   1.08554
        0         0         0         1
4	18	47
-0.770289  0.550746  0.321456   1.42701
-0.449305 -0.826444  0.339288   3.00656
 0.452527  0.116918  0.884053 -0.138049
        0         0         0         1
5	17	47
 0.879365 -0.285945 -0.380727   1.37501
 0.200038   0.94747  -0.24957 0.0128829
  0.43209  0.143303  0.890372 0.0020988
        0         0         0         1
6	25	47
  -0.942235   -0.311143    -0.12403     3.36001
  -0.308957      0.6643    0.680625 -0.00166655
  -0.129379    0.679629   -0.722057     2.90271
          0           0           0           1
0	11	47
 0.967421  0.118851  0.223543  0.615603
-0.169145  0.960406  0.221386 -0.448814
 -0.18838 -0.251984   0.94922  0.312695
        0         0         0         1
7	25	47
 0.564069 -0.497947  0.658692  0.651997
 0.533016  0.828827  0.170115 -0.911474
 -0.63065  0.255137   0.73293  0.953172
        0         0         0         1
5	18	47
0.0294014  0.752625 -0.657794    2.1058
-0.880493 -0.292002 -0.373454   4.21791
-0.473148  0.590162  0.654095  0.882785
        0         0         0         1
6	26	47
 -0.968101 -0.0281078  -0.248978    3.48741
 -0.208391  -0.461391   0.862375     2.0278
 -0.139116   0.886751   0.440816   0.236344
         0          0          0          1
6	27	47
-0.904109  0.423826 0.0543922   1.90929
 0.393199  0.775353  0.494188 -0.993046
 0.167277  0.468187 -0.867651   2.52045
        0         0         0         1
5	20	47
-0.301856 -0.865571  0.399588   2.77452
 0.556122 -0.500308 -0.663642   1.71839
 0.774346 0.0218958  0.632383 -0.672523
        0         0         0         1
2	12	47
   0.961312    0.198037    -0.19147     1.12424
  -0.193563    0.980189   0.0419912    0.253599
   0.195992 -0.00330524      0.9806  -0.0716693
          0           0           0           1
1	12	47
  0.906277   0.371218  -0.202137   0.150961
 -0.340617   0.924562   0.170777   0.498409
  0.250284 -0.0859196   0.964352  -0.243165
         0          0          0          1
6	28	47
  0.797039   0.599882 -0.0697811   0.114075
  0.603559  -0.787185   0.126713    1.04297
 0.0210822  -0.143112  -0.989482    3.83604
         0          0          0          1
7	28	47
 0.693288 0.0528787  0.718718 -0.322958
-0.132555  0.989645 0.0550527  0.605662
-0.708365 -0.133437  0.693119    2.1598
        0         0         0         1
7	29	47
-0.794083  0.268594 -0.545243   3.84227
 0.159145  0.957646  0.239973 -0.616986
 0.586605  0.103786 -0.803196   2.27053
        0         0         0         1
6	29	47
   0.367351   -0.824524   -0.430364     2.15701
   0.674498    0.554766   -0.487122    0.833556
   0.640395   -0.111334    0.759933 -0.00640249
          0           0           0           1
4	22	47
-0.643036 0.0549943  0.763859   1.27615
 0.621818 -0.544732   0.56268   0.96967
 0.447043  0.836805  0.316086 -0.953292
        0         0         0         1
6	30	47
-0.186092  0.970764  0.151614  0.560497
-0.577296 -0.232894  0.782617   2.66791
 0.795047 0.0581126  0.603758  -0.69069
        0         0         0         1
7	30	47
-0.226705  0.263168 -0.937735   3.35727
-0.149224  0.942051  0.300455 -0.270808
 0.962465  0.208047 -0.174296  0.683965
        0         0         0         1
4	23	47
-0.659167 -0.303692  0.687947   2.16109
 0.631525 -0.720216  0.287168   1.40172
 0.408259  0.623747  0.666532 -0.542858
        0         0         0         1
5	23	47
  -0.497363 -0.00420891    0.867532    0.736297
   0.616535   -0.705234    0.350043     1.22507
    0.61034    0.708962    0.353352   -0.170299
          0           0           0           1
0	13	47
0.0449417  0.470732 -0.881131   2.38462
-0.400078  0.816682  0.415895 -0.484475
 0.915379   0.33383  0.225032  -1.18154
        0         0         0         1
3	24	47
  0.75052   0.60486 -0.266202 -0.122416
-0.511148  0.786645   0.34629  0.378556
 0.418863  -0.12383  0.899567   0.38216
        0         0         0         1
1	13	47
-0.318116  0.694506  -0.64534   1.77848
-0.391114  0.523937   0.75665 0.0142639
 0.863616  0.493104  0.104958 -0.945311
        0         0         0         1
4	24	47
  0.934747     0.1708  -0.311568 -0.0116314
-0.0664359   0.945435   0.318966  -0.707168
  0.349047  -0.277453    0.89509   0.691091
         0          0          0          1
6	31	47
-0.0254006   0.997604   0.064356  -0.157656
 -0.997868 -0.0291735  0.0583777    3.77616
 0.0601154 -0.0627359   0.996218   0.243598
         0          0          0          1
7	31	47
  0.896427 -0.0711426   0.437445  -0.462345
  0.202388   0.943817  -0.261245   0.517857
 -0.394283   0.322721   0.860461   0.703199
         0          0          0          1
2	14	47
 0.537438   0.44139 -0.718565  0.670124
-0.435849  0.874841  0.211398  0.305022
 0.721939  0.199573  0.662552 -0.505684
        0         0         0         1
3	25	47
 0.986632 -0.161792 0.0195339  0.378381
 0.162754  0.972126 -0.168769 -0.248512
0.00831605  0.169692  0.985462  0.429319
        0         0         0         1
4	25	47
   0.946596   -0.279564    0.160626    0.300593
    0.28477    0.958545 -0.00987945   -0.805562
  -0.151205   0.0550934    0.986966    0.597536
          0           0           0           1
0	14	47
 -0.733735   0.530291  -0.424765    2.44446
 -0.548741   -0.83116 -0.0897594    3.50752
 -0.400646   0.167226   0.900843   0.128894
         0          0          0          1
3	26	47
 0.911153 -0.234158  0.339073   0.12302
  0.30525  0.936301 -0.173672 0.0448332
-0.276809  0.261744   0.92459  0.993534
        0         0         0         1
5	26	47
 -0.841937   0.497686  -0.208448    3.11313
 -0.514302   -0.62335   0.589007    2.86067
  0.163205   0.603111   0.780782 -0.0048492
         0          0          0          1
4	26	47
-0.914196  0.272936 -0.299586    2.7486
-0.405199 -0.629632  0.662855   1.85138
-0.00771179  0.727371  0.686201  0.117078
        0         0         0         1
2	15	47
    0.8941   0.447821 0.00649166  -0.747265
 -0.443812   0.883962   0.147113   0.391732
 0.0601417  -0.134414   0.989099   0.482715
         0          0          0          1
1	14	47
   0.571218     0.49619   -0.653839    0.831197
  -0.325718    0.868214    0.374317  -0.0245799
   0.753405 -0.00084947    0.657557   -0.380129
          0           0           0           1
0	15	47
 0.971914  0.198666 -0.126154  0.643119
-0.146172   0.92973  0.337989 -0.645804
 0.184436 -0.310056  0.932657  0.504268
        0         0         0         1
4	27	47
-0.953076 0.0935765 -0.287906   3.39088
-0.116546  0.764309  0.634231 -0.669583
 0.279398  0.638024 -0.717539   2.31575
        0         0         0         1
3	27	47
 0.868094 -0.484422  0.108389   0.95604
 0.492678  0.814102 -0.307421  -0.39647
0.0606813  0.320271   0.94538  0.622762
        0         0         0         1
5	27	47
 0.546021  -0.77898  0.308304   1.10664
   0.8372  0.493763 -0.235149  -0.66457
0.0309473  0.386508  0.921767  0.622386
        0         0         0         1
0	16	47
  0.967745 -0.0975714    0.23227   0.779312
 0.0588043   0.983974   0.168339  -0.210783
 -0.244973  -0.149251   0.957973   0.953028
         0          0          0          1
1	15	47
 0.963157 0.0655597 -0.260826  0.645033
  0.02621  0.942334  0.333646 -0.244622
 0.267659  -0.32819  0.905897  0.599459
        0         0         0         1
2	16	47
  0.988818   0.112446 -0.0979523   0.138871
 -0.128029   0.976925   -0.17096   0.830862
 0.0764683   0.181589   0.980397   0.550228
         0          0          0          1
3	28	47
 0.987448 0.0906254  -0.12936  0.127905
-0.133138  0.918227 -0.373007  0.367497
0.0849779  0.385547  0.918767  0.330317
        0         0         0         1
4	28	47
  0.884855   0.460288 -0.0718736   -1.17184
 -0.464551   0.860216  -0.210288    1.20781
 -0.034966   0.219463   0.974994    0.78291
         0          0          0          1
5	28	47
  -0.7534 -0.595567 -0.278729   4.72026
-0.633019  0.542167  0.552579  0.824232
 -0.17798  0.592753 -0.785473   3.13677
        0         0         0         1
7	34	47
 -0.266945   0.963531 -0.0186578   0.547132
 -0.963708  -0.266949 0.00232857    2.85157
-0.00273706   0.018602   0.999823   0.134523
         0          0          0          1
1	16	47
-0.166677  0.435735 -0.884508   1.81956
-0.517815  0.724716  0.454593  0.751655
 0.839099  0.533781  0.104837  0.478927
        0         0         0         1
3	29	47
 0.960193 0.0632815 -0.272075   1.24922
-0.193678  0.852689 -0.485191   1.02232
 0.201292  0.518572  0.831002  0.116544
        0         0         0         1
0	17	47
  0.910206   0.130573  -0.393035    1.59526
  -0.11856   0.991433  0.0548049   0.134478
  0.396824 -0.0032855   0.917889  -0.195004
         0          0          0          1
5	29	47
 0.983921 -0.168165 0.0601702  0.435386
 0.175978  0.855196 -0.487517  0.411028
0.0305259  0.490266  0.871038  0.196655
        0         0         0         1
2	17	47
 0.514428  0.785471 -0.344091 -0.233758
-0.750883  0.606395  0.261648   1.61079
 0.414172  0.123773  0.901744  0.217238
        0         0         0         1
7	35	47
  0.457005   0.453214   0.765339   -1.32887
  0.878353 -0.0943703  -0.468605   0.387209
 -0.140153   0.886392   -0.44121    1.35516
         0          0          0          1
1	17	47
  0.631733   0.651617  -0.419892   0.425479
 -0.603089   0.753452   0.261904   0.952563
   0.48703  0.0877794   0.868963 -0.0318251
         0          0          0          1
3	30	47
-0.318894 -0.923951 -0.211238   3.55957
 0.946082 -0.296935 -0.129456 -0.309542
0.0568872 -0.241131  0.968824  0.954602
        0         0         0         1
7	36	47
 -0.53817  0.528034  0.656927  0.604805
 0.228799 -0.658628   0.71684   1.04104
 0.811187  0.536086   0.23364 -0.474847
        0         0         0         1
1	18	47
 -0.985831  -0.139292 -0.0934581    3.56028
 0.0473795  -0.765706   0.641444    1.88135
 -0.160909   0.627928   0.761456   0.201743
         0          0          0          1
6	37	47
0.0125556 -0.917392 -0.397787   4.72369
 0.359363 -0.367099  0.857961  0.102075
-0.933114 -0.153722  0.325068   2.82388
        0         0         0         1
7	37	47
 0.577429 -0.589558 -0.564799    3.1154
 0.717056 0.0354237  0.696115 -0.850589
-0.390393 -0.806949  0.443201   3.40001
        0         0         0         1
4	31	47
 0.337548 -0.934835 -0.110206   2.48165
 0.620333  0.308977 -0.720916  0.706637
 0.707989  0.174979  0.684204  -0.60679
        0         0         0         1
3	31	47
 0.904904 0.0247514 -0.424897 -0.682189
-0.187093  0.919815 -0.344872  0.929263
  0.38229  0.391571  0.836975 -0.284965
        0         0         0         1
7	38	47
-0.289042  0.493374  0.820388  0.544966
  0.64828 -0.529692  0.546956  0.880587
 0.704406  0.689934 -0.166741  -0.40982
        0         0         0         1
2	20	47
   0.21008   0.973208 -0.0934434 -0.0593594
 -0.962605   0.189171  -0.193925    2.43656
 -0.171052   0.130689   0.976556     0.1663
         0          0          0          1
0	20	47
-0.0315009   0.946787   0.320317  0.0383575
 -0.994566 -0.0615091   0.083999    1.96345
 0.0992314   -0.31593   0.943579  0.0789812
         0          0          0          1
6	39	47
-0.770223   0.37551 -0.515508   3.19288
 0.631343  0.563418 -0.532884   1.15599
0.0903429 -0.735903 -0.671034   4.50556
        0         0         0         1
7	39	47
-0.630339  0.645889  0.430698  0.742305
-0.0622314 -0.595048  0.801277   1.35863
 0.773822  0.478273  0.415276 -0.397361
        0         0         0         1
5	31	47
  0.675743  -0.733716 -0.0709337    1.26513
  0.561417   0.574628  -0.595494   0.216223
  0.477684   0.362578   0.800222  -0.472785
         0          0          0          1
3	32	47
 0.970647 -0.052775  0.234649 -0.988556
 0.120988  0.950338 -0.286739  0.442455
-0.207863  0.306712  0.928828  0.190769
        0         0         0         1
4	32	47
  0.938297 -0.0680027   0.339078   -1.55947
  0.151171   0.962492  -0.225292    0.31267
 -0.311039    0.26265   0.913384   0.482463
         0          0          0          1
6	41	47
-0.0268544   0.959597   0.280092   0.160302
 -0.996388 -0.0482764  0.0698645    3.68097
 0.0805637  -0.277204   0.957428  -0.220285
         0          0          0          1
7	41	47
 0.681414   0.66271  0.310628  -1.45121
   0.3754 0.0478681 -0.925626   2.40888
-0.628291  0.747344 -0.216164   2.65653
        0         0         0         1
1	22	47
 -0.267312   0.388043  -0.882025    2.21585
 -0.379644    0.79889   0.466525  -0.206147
  0.885673   0.459563 -0.0662346  -0.518277
         0          0          0          1
5	33	47
 0.184013 -0.506577   0.84233 -0.519596
 0.446919  0.806377  0.387323 -0.294742
-0.875444  0.305181  0.374783   1.96966
        0         0         0         1
3	33	47
 0.477545 -0.355233  0.803592  0.245067
 0.348187   0.91625   0.19812 0.0813514
 -0.80667  0.185189  0.561238   1.49654
        0         0         0         1
4	33	47
 0.381316 -0.382401  0.841646 -0.223652
 0.386441  0.893007  0.230656 0.0941383
-0.839799  0.237294  0.488294   1.54316
        0         0         0         1
0	23	47
 0.371513  0.812718 -0.448852  0.558472
  -0.3416  0.569197   0.74788  -0.32945
   0.8633 -0.124519  0.489089 -0.123219
        0         0         0         1
6	43	47
-0.0245825 -0.504698  0.862946  0.646576
 0.957488 -0.260068 -0.124827   1.25791
 0.287425  0.823192  0.489635 -0.529236
        0         0         0         1
7	43	47
-0.642727  0.606102  0.468555  0.795394
-0.112694 -0.679762  0.724724   1.45781
 0.757762  0.412997  0.505205 -0.549091
        0         0         0         1
4	34	47
  0.975725  -0.158075   0.151567   0.162876
  0.161914   0.986716 -0.0132525   0.228598
 -0.147459  0.0374716   0.988358   0.577499
         0          0          0          1
5	34	47
0.00996515  -0.142872   0.989691    0.37111
  0.945321  -0.321316 -0.0559035   0.518743
  0.325991   0.936132   0.131857 -0.0764234
         0          0          0          1
7	44	47
 -0.603812  -0.795716 -0.0474051    3.81082
 -0.723914    0.57228  -0.385284    2.80406
  0.333706  -0.198322   -0.92158    3.83227
         0          0          0          1
6	44	47
-0.0090366  0.793748   0.60818 -0.126498
-0.915395 -0.251352  0.314442   2.29312
 0.402455 -0.553884  0.728864  0.880707
        0         0         0         1
3	35	47
 -0.998616 -0.0356691 -0.0386563     3.5371
-0.0126249   0.875993  -0.482159  -0.177822
 0.0510608  -0.481003  -0.875231    4.81376
         0          0          0          1
5	35	47
 0.963691 -0.119145  0.238966 -0.281378
 0.116186  0.992875  0.026485  0.121266
-0.240419 0.0022414  0.970667  0.865776
        0         0         0         1
4	35	47
  0.996084 -0.0655756   0.059311  0.0882964
 0.0776201   0.969763  -0.231379   0.679692
-0.0423448   0.235076   0.971054 -0.0508038
         0          0          0          1
2	24	47
  0.814064   0.119957  -0.568253    0.27232
-0.0904734   0.992685  0.0799446  -0.434482
  0.573686 -0.0136683   0.818962 -0.0847578
         0          0          0          1
0	24	47
 0.954881  0.244701 -0.168296 0.0964408
-0.191575  0.940525  0.280557  -0.65763
 0.226939 -0.235657  0.944968  0.431762
        0         0         0         1
1	24	47
 0.629053  0.744803  -0.22262 -0.142157
-0.593996  0.645274  0.480405  0.811976
 0.501459 -0.169965  0.848323   0.21205
        0         0         0         1
3	36	47
-0.903567  0.110132 -0.414051    3.5669
 0.382596  0.642373 -0.664061  0.658962
  0.19284 -0.758438 -0.622563   4.33422
        0         0         0         1
4	36	47
 0.572581  0.603604  -0.55481   1.19631
-0.672517  0.732846  0.103239   1.44905
 0.468906  0.314006  0.825547 -0.437855
        0         0         0         1
5	36	47
-0.928858   0.30911  0.204143   2.00189
-0.115099 -0.764639  0.634098   1.42982
 0.352102   0.56549  0.745819 -0.354261
        0         0         0         1
6	45	47
-0.0912368  0.726433 -0.681155   2.13067
 0.974539  0.205817 0.0889646 -0.554328
  0.20482 -0.655695 -0.726714   3.89858
        0         0         0         1
7	45	47
 0.0773369    0.99589  -0.047132  -0.512586
  0.902539 -0.0498454   0.427714   -1.08434
  0.423607 -0.0756162  -0.902685    3.34313
         0          0          0          1
4	37	47
  0.915415  0.0920506  -0.391845    1.04341
  -0.11199   0.993307 -0.0282833   0.747876
  0.386619  0.0697736   0.919596  -0.192516
         0          0          0          1
3	37	47
 -0.289239  -0.384215   0.876767   0.923679
 -0.941295 -0.0524084  -0.333493    3.57185
  0.174083  -0.921755  -0.346502    4.10062
         0          0          0          1
5	37	47
 0.909489 -0.165789  0.381242 -0.410843
 0.161628  0.985908 0.0431577  0.131211
-0.383025 0.0223682  0.923467   1.48206
        0         0         0         1
2	25	47
  0.972238   0.233599  0.0136232  -0.714214
 -0.233945   0.971588  0.0358608   0.127316
-0.00485913 -0.0380524   0.999264   0.460075
         0          0          0          1
1	25	47
  0.943825  -0.219695  -0.246836   0.777124
  0.233144   0.972087  0.0262705  -0.321219
  0.234174 -0.0823431   0.968701   0.192976
         0          0          0          1
0	25	47
  0.979353 -0.0371959   0.198706   0.115117
 0.0203821   0.996086  0.0860021  -0.707627
 -0.201127 -0.0801764   0.976279   0.576152
         0          0          0          1
7	46	47
   -0.36176     0.93218   0.0130613    0.692689
  -0.931824   -0.361985    0.025886     3.76156
  0.0288584 -0.00280628     0.99958    0.711308
          0           0           0           1
6	46	47
 -0.78092  0.268399 -0.564026   2.87069
-0.567078 -0.683231  0.460021   3.28063
-0.261891  0.679087  0.685752  0.320728
        0         0         0         1
4	38	47
-0.983267  0.147012   0.10758   2.99866
-0.0483881 -0.780101   0.62378   1.83724
 0.175626  0.608137  0.774161 -0.146842
        0         0         0         1
3	38	47
 -0.971842 -0.0885942   0.218343    2.77384
 -0.206505   0.766499  -0.608141   0.415095
 -0.113482  -0.636106  -0.763211    4.93395
         0          0          0          1
5	38	47
 0.985114 -0.129787  0.112722 0.0999562
 0.117843  0.987266   0.10686 0.0713398
-0.125155 -0.091986  0.987864  0.868252
        0         0         0         1
0	26	47
 0.850651  0.467414  0.240662 -0.350487
-0.438879  0.883375  -0.16442  0.734423
-0.289447 0.0342424  0.956582  0.867718
        0         0         0         1
2	26	47
-0.965427 -0.154607  0.209876   3.17676
  0.25807 -0.453335  0.853163   0.55744
-0.0367606  0.877829  0.477562  0.206252
        0         0         0         1
1	26	47
  0.988633  0.0440953  -0.143742  -0.121427
-0.0274421   0.992888   0.115843 -0.0933917
  0.147828  -0.110582   0.982812   0.702382
         0          0          0          1
5	39	47
-0.587242 -0.703397  0.400474   2.99757
-0.809182  0.521952 -0.269797   1.83361
-0.0192541 -0.482493 -0.875689   4.61955
        0         0         0         1
3	39	47
 0.908081 -0.139945  0.394722 -0.348988
 0.360285  0.741551 -0.565948  0.438216
-0.213505  0.656139  0.723808  0.198047
        0         0         0         1
4	39	47
  0.886111   0.173968  -0.429585   0.812112
 -0.209177   0.977225 -0.0357267   0.792079
  0.413585   0.121517    0.90232  -0.219843
         0          0          0          1
0	27	47
  0.833938 -0.0922449   0.544094   0.110743
  0.285806     0.9156  -0.282827 -0.0988474
 -0.472083   0.391366   0.789918   0.749934
         0          0          0          1
2	27	47
  0.909732  -0.415167 0.00488663   0.601259
  0.373167   0.812427  -0.448006   0.106997
  0.182028   0.409389   0.894017   0.356349
         0          0          0          1
1	27	47
 0.891621  0.433583  0.130451   -0.2866
-0.391226  0.882773 -0.260104   1.18093
-0.227935  0.180879  0.956728   1.10035
        0         0         0         1
4	40	47
 -0.24343 -0.349174  0.904886  0.782602
-0.935142 -0.163088 -0.314501   3.80182
 0.257392 -0.922757 -0.286827   3.89124
        0         0         0         1
5	40	47
-0.801404 -0.540358  0.256449   3.97585
-0.587865  0.632516  -0.50432   2.46059
 0.110305 -0.554921 -0.824558   4.56407
        0         0         0         1
2	28	47
 -0.94319 -0.184946  0.276022   3.20073
0.0027907  0.826315  0.563202 -0.905383
-0.332243  0.531977 -0.778855    3.6318
        0         0         0         1
1	28	47
-0.920365  0.105684  0.376508   2.75009
 0.254653  0.892648   0.37193 -0.739677
-0.296782   0.43819 -0.848475   3.71303
        0         0         0         1
4	41	47
 -0.128007   0.458271  -0.879546     2.6605
 -0.990949 -0.0229454   0.132265    3.09596
 0.0404318   0.888516    0.45706   -0.33947
         0          0          0          1
3	42	47
 0.989056 0.0634506 -0.133202  0.943823
0.0995561 -0.953307  0.285122   3.06543
-0.108891 -0.295263  -0.94919   4.35188
        0         0         0         1
4	42	47
 0.867057 0.0412955  0.496494 0.0960865
 0.492836 -0.217054 -0.842615   1.84763
0.0729697  0.975286  -0.20855  0.523994
        0         0         0         1
5	42	47
 -0.111651    0.10002   0.988702   0.725928
  0.878584  -0.454969   0.145242   0.736425
  0.464355   0.884873 -0.0370783  0.0270493
         0          0          0          1
1	29	47
 -0.563971  -0.823083 -0.0668687    3.99295
  0.626162  -0.373437  -0.684446    1.78594
  0.538384  -0.427878   0.725991    0.77741
         0          0          0          1
2	29	47
-0.801958 -0.578937  0.147294   3.59198
 0.391922 -0.695979 -0.601673   2.26665
 0.450844 -0.424789  0.785044  0.913687
        0         0         0         1
4	43	47
 -0.883284   0.342209  -0.320474    2.91378
 -0.465377  -0.722872   0.510765    2.10572
-0.0568732   0.600291   0.797757 -0.0300994
         0          0          0          1
3	43	47
   0.64612   0.291345  -0.705441    1.88452
   0.64924   0.276133   0.708688   -1.52694
  0.401268  -0.915898 -0.0107381    3.79657
         0          0          0          1
5	43	47
-0.924179  0.261784  0.278141   2.40231
-0.00720393 -0.740012  0.672556   1.12588
 0.381892  0.619558  0.685789 -0.678457
        0         0         0         1
9	10	47
  0.975287   0.131546  -0.177515   0.670864
 -0.144158    0.98773 -0.0600754   0.154958
  0.167434   0.084181   0.982283  -0.192409
         0          0          0          1
2	30	47
    0.20832   0.0969856    -0.97324     1.47593
  -0.454135    0.890893 -0.00842705     1.46653
   0.866236    0.443738    0.229635   -0.653002
          0           0           0           1
3	44	47
-0.960518 -0.127066  0.247508   3.23325
  0.22051  -0.89015  0.398759   1.66565
 0.169651  0.437593  0.883024 0.0112848
        0         0         0         1
4	44	47
 -0.84937  0.411564 -0.330432   2.73811
-0.522428 -0.744656    0.4154   2.35847
-0.0750945  0.525455  0.847501 0.0210328
        0         0         0         1
1	30	47
  0.239061   0.096196  -0.966228    1.77003
 -0.363683   0.931518 0.00275913    1.29438
  0.900325   0.350741   0.257675  -0.801866
         0          0          0          1
8	9	47
   0.890749    -0.25167    0.378456    0.328143
   0.230686     0.96781    0.100636   -0.158414
    -0.3916 -0.00233662    0.920133    0.412562
          0           0           0           1
0	30	47
  0.539526  0.0795118  -0.838206    1.43535
 -0.270406   0.959156 -0.0830668   0.570205
  0.797365   0.271473   0.538991     -1.049
         0          0          0          1
4	45	47
-0.981467  0.186498 0.0440541   2.74348
-0.167244 -0.945854  0.278191   2.45076
0.0935509  0.265667  0.959515  0.179441
        0         0         0         1
5	45	47
  0.772151  -0.434323   0.463839 -0.0654125
  0.320699   0.896524   0.305608  -0.395996
 -0.548576 -0.0872231   0.831539    1.89306
         0          0          0          1
3	46	47
-0.451801  0.724898 -0.519999   1.94418
 0.891976  0.356606  -0.27787 -0.520374
-0.0159929 -0.589368 -0.807706   4.64144
        0         0         0         1
4	46	47
-0.591283  0.316619 -0.741712   3.85183
 0.648994  0.732776 -0.204565 -0.733029
 0.478739 -0.602322 -0.638762   3.38011
        0         0         0         1
2	31	47
 0.837483 0.0580956 -0.543366  0.111618
-0.250516  0.924509  -0.28727   1.18655
 0.485658  0.376706  0.788815 -0.526859
        0         0         0         1
8	10	47
  0.978581  -0.113978   0.171432   0.115758
  0.115208   0.993338 0.00278902   0.082983
 -0.170608  0.0170212   0.985192 -0.0542378
         0          0          0          1
10	11	47
  0.985029   0.105323  -0.136475   0.678088
 -0.108678   0.993926 -0.0173468   0.112525
  0.133819  0.0319191   0.990492  -0.171052
         0          0          0          1
11	12	47
  0.984523   0.107035  -0.138773   0.566678
 -0.107829   0.994168 0.00180838   0.144143
  0.138157  0.0131833   0.990323  -0.297096
         0          0          0          1
9	11	47
  0.933178   0.213652   -0.28902    1.37747
 -0.235598     0.9709 -0.0429734   0.109907
  0.271428   0.108194   0.956358  -0.176793
         0          0          0          1
1	31	47
 0.827343  0.069462 -0.557387  0.541888
-0.210736  0.958224 -0.193385   1.00653
 0.520668  0.277457  0.807417 -0.640911
        0         0         0         1
8	11	47
  0.998195 -0.0126982  0.0587051    1.24171
  0.013579   0.999801 -0.0146317   0.245576
-0.0585074  0.0154024   0.998169   -0.33727
         0          0          0          1
11	13	47
  0.999331 0.00053066   0.036579   0.720326
-0.00457889   0.993846   0.110677  -0.478767
-0.0362953  -0.110771   0.993183  0.0920532
         0          0          0          1
10	12	47
  0.941306   0.224747  -0.251855    1.19585
 -0.235782   0.971703 -0.0141181   0.234222
  0.241555  0.0726724   0.967662  -0.385656
         0          0          0          1
2	32	47
  0.989558 -0.0362599   0.139498  -0.305019
 0.0790462   0.945834  -0.314881   0.717108
