2	3	47
 0.988642  0.097752 -0.114154  0.533289
-0.097614  0.995201  0.006815  0.264372
 0.114272  0.004406   0.99344  -0.21487
        0         0         0         1
3	4	47
 0.988452  0.078199 -0.129797  0.560002
-0.084484  0.995469 -0.043633  0.091121
 0.125797  0.054095   0.99058 -0.207366
       -0         0         0         1
0	1	47
 0.941402 -0.114524  0.317247  0.121234
  0.10931  0.993418  0.034248  -0.74146
-0.319081  0.002438  0.947724  0.294471
       -0        -0         0         1
1	2	47
 0.999354  0.035912 -0.001688  0.407126
-0.035597  0.994986  0.093469 -0.057799
 0.005036 -0.093348  0.995621  0.008871
        0         0         0         1
4	5	47
 0.986503   0.08451 -0.140252  0.649573
-0.086139  0.996267 -0.005579  0.233909
 0.139257  0.017585    0.9901 -0.334251
       -0         0         0         1
5	6	47
 0.864725 -0.150042  0.479311  0.407219
 0.230357  0.966519 -0.113031 -0.414485
-0.446304  0.208153  0.870336  0.650349
        0         0         0         1
2	4	47
 0.973899    0.1149 -0.195753   1.23407
-0.120284  0.992614 -0.015801  0.188496
 0.192492  0.038934  0.980526 -0.208056
        0         0         0         1
3	5	47
 0.958496  0.176186 -0.224154  0.889371
 -0.17007  0.984336  0.046461  0.117753
 0.228828  -0.00641  0.973446 -0.294723
        0         0         0         1
0	2	47
 0.962161 -0.113498  0.247719  0.562926
 0.075832   0.98474  0.156642 -0.832944
-0.261717  -0.13193  0.956085  0.125355
       -0        -0        -0         1
1	3	47
 0.980585 -0.029521 -0.193858  0.615469
 0.044272  0.996407  0.072205 -0.131608
 0.191029 -0.079386  0.978369  -0.37657
        0         0         0         1
6	7	47
  0.81194  -0.27278  0.516085  0.128837
 0.246709  0.961615  0.120127 -0.312442
-0.529044  0.029787  0.848072  0.532685
       -0        -0         0         1
2	5	47
 0.873882  0.168987 -0.455822   1.80474
-0.168351  0.984817  0.042347  0.182451
 0.456058  0.039732  0.889063 -0.461152
       -0         0         0         1
0	3	47
 0.965667 -0.084415  0.245685  0.575697
  0.05943  0.992438  0.107404 -0.576713
-0.252893 -0.089115  0.963381 -0.044423
        0         0         0         1
1	4	47
  0.91943  0.177964 -0.350682   1.17372
 -0.15983  0.983877  0.080249  0.160143
  0.35931 -0.017734   0.93305 -0.527734
        0         0         0         1
6	8	47
 -0.04669 -0.559062   0.82781   1.49441
 0.709828 -0.601646 -0.366287   2.31965
 0.702826  0.570501  0.424929  -1.17434
        0         0         0         1
7	8	47
 0.773423 -0.302409  0.557105   0.23858
 0.238092  0.953105  0.186826 -0.360656
-0.587477 -0.011854  0.809154   1.15909
        0         0         0         1
0	4	47
 0.951591  0.275402  0.136487 -0.252756
-0.296758   0.93886  0.174578  0.108585
-0.080063 -0.206631  0.975138  0.108645
        0         0         0         1
4	8	47
    0.968356     0.120084    -0.218786    -0.231063
   -0.100689     0.990102     0.097776 -0.000828998
    0.228362    -0.072653     0.970862      0.13457
           0            0            0            1
2	7	47
 0.503882  0.467441 -0.726362    1.2404
-0.417066  0.868061  0.269308  0.286759
 0.756412  0.167241  0.632354 -0.451561
       -0         0         0         1
5	9	47
 0.981735 -0.084939  0.170239 -0.395756
 0.059762  0.987193  0.147916 -0.158766
-0.180623  -0.13504  0.974238  0.746491
        0         0         0         1
3	8	47
 0.976297  0.099135 -0.192394  -0.04195
-0.092586  0.994786  0.042759 -0.071337
  0.19563 -0.023932  0.980386  0.149781
        0         0         0         1
7	9	47
  0.22368 -0.760252  0.609905   1.35123
 0.737335  0.541231  0.404235 -0.949729
-0.637421  0.359285  0.681622  0.528103
        0         0         0         1
1	6	47
 0.012489 -0.931713 -0.362981   3.89389
 0.963667  0.108078 -0.244263  0.317638
 0.266814 -0.346743  0.899211  0.579412
        0         0         0         1
4	9	47
 0.999116 -0.025089  0.033732  0.250141
 0.018455  0.982698  0.184293 -0.094942
-0.037772 -0.183507  0.982292  0.455061
       -0        -0        -0         1
2	8	47
 0.957498   0.18163 -0.224072 -0.107636
-0.155963  0.979498  0.127509  0.065959
 0.242637 -0.087143  0.966195  0.256195
        0         0         0         1
0	6	47
-0.997018   0.07633   0.01133   3.19179
-0.066314   -0.9226  0.380016   2.56427
 0.039459  0.378131  0.924911 -0.979773
       -0         0         0         1
3	9	47
 0.924456 -0.264515  0.274613 -0.601479
  0.24243  0.963669  0.112115   -0.4639
-0.294292 -0.037071  0.954996  0.848753
       -0        -0        -0         1
4	10	47
 0.996849 -0.055984  0.056197 -0.154869
 0.049254  0.992176  0.114723 -0.128965
 -0.06218 -0.111593  0.991807  0.460742
        0         0         0         1
5	10	47
  0.99919   -0.0226  0.033288 -0.086519
 0.018374  0.992337  0.122185 -0.220104
-0.035794 -0.121475  0.991949  0.574399
        0         0         0         1
2	9	47
 0.993917  0.057662 -0.093828  -0.02044
-0.042227  0.986395  0.158876  0.172803
 0.101713 -0.153948   0.98283  0.037366
        0         0         0         1
3	10	47
 0.981048 -0.071293  0.180172 -0.165652
 0.062232   0.99652   0.05546 -0.177218
-0.183498 -0.043196   0.98207  0.678516
        0         0         0         1
2	10	47
 0.999518 -0.030971 -0.001921  0.138305
 0.030974  0.992087  0.121671 -0.129868
-0.001862 -0.121672  0.992569  0.402036
        0         0         0         1
4	11	47
 0.994844   0.01428  0.100407  0.031272
 -0.01912  0.998692  0.047411  0.051815
-0.099599 -0.049086  0.993816  0.357622
        0         0         0         1
5	11	47
 0.949049  -0.15909  0.272021 -0.443049
 0.107576  0.974915  0.194852 -0.439428
-0.296196 -0.155662  0.942357   1.08286
        0         0         0         1
3	11	47
 0.999683  0.023346  0.009461   0.58705
-0.023685  0.999016  0.037496 -0.091256
-0.008577 -0.037708  0.999252  0.325459
        0        -0         0         1
2	11	47
 0.996884 -0.061966  0.048813  0.231598
  0.05408  0.987365  0.148951 -0.199757
-0.057426 -0.145847  0.987639  0.502297
        0         0         0         1
3	12	47
  0.99836  0.043572  0.037129  0.855757
-0.045187  0.998016  0.043842 -0.059195
-0.035145 -0.045448  0.998348  0.256419
        0        -0         0         1
4	12	47
  0.99953   0.00744 -0.029743  0.304706
-0.004832  0.996212  0.086823 -0.047365
 0.030276 -0.086639   0.99578  0.159803
        0         0         0         1
6	12	47
 0.321508 -0.551011  0.770078  0.634564
 0.889597 -0.102868 -0.445012   1.37307
 0.324422  0.828134  0.457105  -1.18332
       -0         0         0         1
5	12	47
 0.993559  -0.03835  0.106632  0.131502
 0.033538  0.998352  0.046558 -0.091926
-0.108242 -0.042682  0.993208  0.334229
       -0        -0        -0         1
7	12	47
 0.795583 -0.284874  0.534691 -0.203325
 0.191066  0.955494  0.224777 -0.337678
-0.574927 -0.076668  0.814605   1.06389
        0         0         0         1
4	13	47
 0.970521  -0.13293  0.201043  0.937804
 0.098104  0.979801  0.174256 -0.568251
-0.220146 -0.149396  0.963959  0.492134
       -0        -0        -0         1
6	13	47
 0.984713  0.089233 -0.149591  0.035529
-0.043011  0.956782  0.287608 -0.241442
  0.16879 -0.276777  0.945994  0.040711
        0         0         0         1
5	13	47
   0.921457   -0.219261    0.320688    0.529515
   0.207141    0.975666    0.071891   -0.514349
  -0.328647 0.000183001    0.944453    0.473989
         -0          -0           0           1
7	13	47
-0.615603  0.499074  0.609884  0.576337
-0.040669 -0.792997  0.607867   2.01248
 0.787006  0.349401  0.508468 -0.812155
        0         0         0         1
6	14	47
 0.722254 -0.423702  0.546649  0.589276
-0.220772  0.607794  0.762788 -0.176067
-0.655445 -0.671612   0.34544   3.38565
        0         0         0         1
7	14	47
 0.894869   0.23631  0.378638  -1.04259
-0.428549   0.69197  0.580967  0.379413
-0.124718 -0.682154  0.720494   2.33773
        0         0         0         1
5	15	47
 0.905525  -0.42222  0.041884  0.942693
 0.418384  0.904971  0.077338  -1.07044
-0.070557 -0.052508  0.996125  0.486081
        0         0         0         1
0	15	47
-0.007436  0.598136  -0.80136    1.9039
  0.51473   0.68935  0.509755  -1.18466
  0.85732 -0.408693 -0.313005   1.72546
        0         0         0         1
5	20	47
-0.889991  0.259542  0.374905   2.13249
-0.373277  -0.88691  -0.27213    3.3014
 0.261878 -0.382137  0.886223  0.333655
        0         0         0         1
7	20	47
 -0.45243 -0.345198  0.822281   1.23396
-0.090366 -0.899555 -0.427358   3.37336
  0.88721 -0.267656  0.375792  -0.05133
        0         0         0         1
1	23	47
 0.254251  0.764394 -0.592502  0.789986
-0.384141  0.642053  0.663479 -0.254002
 0.887577  0.058914  0.456877 -0.300338
        0         0         0         1
5	24	47
 0.993371  0.114949 -8.8e-005   0.06636
-0.110498  0.955117  0.274848 -0.577954
 0.031678 -0.273016  0.961488   1.02411
        0         0         0         1
3	28	47
 0.929292  0.365947  0.049997 -0.020805
-0.368831  0.926603   0.07328  0.818457
-0.019511 -0.086539  0.996057   1.03422
        0         0         0         1
7	28	47
 0.772751  0.139726  0.619138 -0.072774
 0.087658  0.942626 -0.322137  0.798473
-0.628626  0.303204  0.716168   1.15655
        0         0         0         1
2	29	47
-0.931638  -0.02027  0.362822   2.77783
-0.241941  0.779575 -0.577691   1.92731
-0.271137  -0.62598 -0.731186   4.77288
        0         0         0         1
5	29	47
 0.995816  0.002221  0.091351  0.312733
 0.042248  0.875252 -0.481819   0.37481
-0.081025  0.483663  0.871496  0.216442
        0         0         0         1
0	30	47
 0.532774  0.110482 -0.839015   1.45367
-0.576213  0.773472 -0.264044   1.68358
 0.619783  0.624127  0.475747 -0.846738
        0         0         0         1
1	30	47
 0.232121 -0.164654  -0.95865   1.99675
-0.661093  0.696239 -0.279656   2.18377
 0.713496   0.69867   0.05276 -0.403496
        0         0         0         1
2	31	47
 0.818058  0.033205 -0.574176  0.245022
-0.229914  0.933972  -0.27356   1.11934
 0.527181  0.355799  0.771678 -0.565489
        0         0         0         1
0	31	47
 0.968382  0.037583 -0.246625  0.322747
 -0.08452  0.979548 -0.182597  0.165233
 0.234718  0.197669  0.951753  -0.44917
       -0         0         0         1
3	31	47
 0.872833  0.089101 -0.479816 -0.200535
-0.240571  0.933987 -0.264183  0.992181
 0.424603  0.346018   0.83665 -0.353537
       -0         0         0         1
1	31	47
 0.839407  0.076519 -0.538091  0.506207
-0.195829  0.966123   -0.1681  0.924295
 0.506999  0.246478  0.825954 -0.577005
        0         0         0         1
7	31	47
-0.266665 -0.193202  0.944226    1.0214
-0.427618 -0.854274 -0.295564   3.96073
 0.863732 -0.482585  0.145188  0.538673
        0         0         0         1
1	32	47
 0.943903 -0.141401  0.298416  -0.14294
  0.21708   0.94668  -0.23806  0.241316
-0.248843  0.289486   0.92427  0.195012
        0         0         0         1
2	32	47
  0.971858  -0.079837   0.221626  -0.739422
  0.152934   0.929427  -0.335823   0.616439
 -0.179174   0.360266   0.915481 0.00647497
         0          0          0          1
2	35	47
 0.989972  0.103614  0.096022 -0.452025
 -0.06256  0.930999 -0.359621   1.13734
-0.126658  0.350007  0.928145  -0.09124
        0         0         0         1
2	40	47
-0.998426  0.039327  -0.03998   3.09122
-0.024151  0.341875  0.939435 -0.354116
 0.050613  0.938922 -0.340387   1.34355
        0         0         0         1
1	41	47
 0.874583  -0.32429  0.360471  0.435544
 0.315773 -0.183229 -0.930975   2.77547
 0.367955  0.928042 -0.057847  0.104465
        0         0         0         1
2	41	47
 0.717924 -0.224327  0.658986  -0.24018
 0.537499  0.780195 -0.319984  0.529374
-0.442357  0.583929  0.680697  0.578826
        0         0         0         1
4	41	47
 0.994093  0.102586  0.035436  -0.15827
-0.032007  0.589072 -0.807447   2.33822
-0.103707  0.801543  0.588875 -0.223374
        0         0         0         1
5	43	47
 0.160182 -0.763133  0.626075   2.06984
-0.800449  0.270721  0.534781    1.0256
-0.577601 -0.586804 -0.567485     5.008
        0         0         0         1
10	11	47
 0.982406  0.093794 -0.161499  0.521945
-0.099185  0.994739 -0.025632  0.140835
 0.158245  0.041199   0.98654 -0.229791
       -0         0         0         1
8	9	47
   0.901002   -0.248569    0.355541    0.102186
   0.227736    0.968571    0.100034    -0.15558
  -0.369232 -0.00916201    0.929292    0.394098
         -0          -0          -0           1
9	10	47
 0.975232  0.120439 -0.185521  0.436817
-0.128666  0.991141 -0.032922  0.142721
 0.179912  0.055977  0.982089 -0.252571
        0         0         0         1
14	15	47
 0.828229 -0.307171  0.468704  0.273088
 0.356462  0.934142 -0.017689  0.004931
-0.432403  0.181726  0.883178  0.517573
        0         0         0         1
11	12	47
 0.987377  0.079054 -0.137246  0.597984
-0.081892  0.996526 -0.015149  0.149446
 0.135571  0.026197  0.990421 -0.313063
       -0         0         0         1
12	13	47
 0.987983  -0.09526   0.12172  0.290877
 0.082839  0.991192  0.103326  -0.55069
-0.130491 -0.092001  0.987172  0.252873
       -0        -0        -0         1
10	12	47
 0.994322  0.063341 -0.085513  0.403945
-0.065948   0.99743 -0.028003  0.098803
 0.083519  0.033483  0.995944 -0.266163
       -0         0         0         1
8	10	47
 0.961323 -0.099036     0.257 -0.201418
 0.142402  0.977437 -0.156006  0.336367
-0.235751   0.18657  0.953736 -0.160607
        0         0         0         1
9	11	47
 0.905501   0.23107 -0.355914  0.796975
-0.246036  0.969255  0.003315  0.230312
 0.345737  0.084566  0.934513 -0.410406
        0         0         0         1
15	16	47
 0.995206 -0.012191  0.097036  0.104522
 0.027755  0.986612 -0.160704  0.550185
-0.093777  0.162626  0.982221  0.352835
        0         0         0         1
14	16	47
  0.76077 -0.309429  0.570511  0.545206
 0.445426   0.88826 -0.112204  0.515469
-0.472043  0.339482  0.813589  0.759717
        0         0         0         1
11	13	47
 0.997886  0.030998  0.057119  0.495304
-0.034753  0.997216  0.065971 -0.369094
-0.054915 -0.067816  0.996185  0.056289
        0        -0         0         1
13	15	47
 0.096442 -0.466207  0.879403   1.17126
 0.853245  0.493663  0.168137 -0.561264
-0.512515  0.734131  0.445399   0.73957
        0         0         0         1
10	13	47
-0.957745 -0.280353  0.064232   3.37903
 0.284886 -0.893988   0.34587   1.52201
-0.039543  0.349554  0.936081 -0.448421
        0         0         0         1
9	12	47
 0.810824  0.478988 -0.336356    1.0389
-0.514833  0.857043 -0.020589  0.616656
  0.27841  0.189862   0.94151 -0.420092
       -0         0         0         1
15	17	47
  0.90181    0.2842 -0.325529  0.549977
-0.319715  0.945602 -0.060155  0.922699
 0.290725  0.158325  0.943617 -0.248039
       -0         0         0         1
14	17	47
 0.969667  -0.20709  0.129848  0.746983
 0.242542  0.881104 -0.405992    1.0981
-0.030333  0.425171  0.904605 -0.363836
        0         0         0         1
8	12	47
 0.819355  0.556141  0.139154  -0.76157
-0.555402  0.830211 -0.047738   1.24758
-0.142077 -0.038172  0.989119 -0.148396
        0        -0         0         1
11	15	47
0.985572 0.158353 0.059772 0.129625
-0.165294 0.976457   0.1386 0.055653
-0.036417 -0.14648 0.988543  0.66244
       0        0        0        1
15	18	47
 0.980791  0.113611  -0.15856  0.187056
-0.156938  0.942349 -0.295548  0.744296
 0.115841  0.314755  0.942078 -0.123909
        0         0         0         1
15	20	47
-0.020332  0.948389  0.316456 -0.473215
-0.903131  0.118357 -0.412729   3.59693
-0.428883 -0.294193  0.854114    1.2361
        0        -0         0         1
9	17	47
-0.743955 -0.588001  0.317468   3.37551
 0.659165 -0.723744  0.204198   0.81705
 0.109697  0.361178  0.926022 -0.043848
        0         0         0         1
11	25	47
 0.988203 -0.052425  0.143901 -0.423593
-0.003545 -0.947167 -0.320722   3.52739
 0.153112  0.316428 -0.936178   2.91627
        0         0         0         1
15	26	47
 0.994186 -0.075441  0.076824 -0.826921
 0.099588   0.91553 -0.389728  0.658684
-0.040933  0.395113   0.91772  0.129299
        0         0         0         1
15	28	47
  0.97358  0.222956 -0.049312   0.22069
-0.221054  0.866123 -0.448292   1.26193
-0.057239  0.447349  0.892526  0.007518
        0         0         0         1
14	28	47
 0.118959 -0.768389   0.62883   1.66257
 0.604686 -0.446266 -0.659698   1.81125
  0.78753  0.458722  0.411546 -0.802056
        0         0         0         1
13	28	47
 0.656275  0.752965  0.048442 -0.813415
-0.737726  0.653813 -0.168191   1.64798
-0.158315  0.074643  0.984563  0.703426
        0         0         0         1
10	29	47
 0.835815  0.297726 -0.461273  0.636589
-0.481077  0.802008 -0.354047   1.29004
 0.264536  0.517825  0.813559 -0.224834
        0         0         0         1
14	29	47
 0.720647 -0.485736    0.4947   0.61131
 0.673376  0.320545 -0.666195   1.21805
 0.165021   0.81321  0.558083 -0.391116
        0         0         0         1
13	29	47
 0.924379 -0.162508 -0.345129  0.488023
 -0.01121   0.89276 -0.450392   1.05226
  0.38131  0.420202  0.823427 -0.144668
        0         0         0         1
12	29	47
-0.740697  0.343167  0.577584   1.73525
-0.602918 -0.718819 -0.346105   3.66261
 0.296407 -0.604595  0.739329   1.30676
        0         0         0         1
9	28	47
 0.880864  0.070479 -0.468094  0.551918
-0.188124  0.959532 -0.209541  0.732186
 0.434383  0.272637  0.858476  -0.23749
        0         0         0         1
15	30	47
-0.938129  0.228745 -0.259979   2.72358
 0.007149 -0.737813 -0.674967    3.6891
-0.346212 -0.635065  0.690529   2.56553
        0         0         0         1
14	30	47
 0.899641  -0.16039 -0.406105  0.526958
-0.043104  0.892922 -0.448144  0.976313
 0.434498  0.420673  0.796396 -0.216143
        0         0         0         1
9	29	47
 0.591987  0.450041 -0.668592  0.327454
-0.738259  0.635583 -0.225851   1.90711
 0.323303  0.627294  0.708503 -0.484942
        0         0         0         1
15	31	47
 0.208774 -0.596422  0.775045  0.741815
 0.792148  0.567885  0.223625 -0.926756
 -0.57351  0.567263  0.591014  0.816926
       -0        -0         0         1
14	31	47
 0.935486 -0.007601  0.353281 -0.639044
 0.215601  0.804389 -0.553602   0.93959
-0.279967  0.594054  0.754133  0.449121
        0         0         0         1
13	31	47
-0.915987 -0.213921  0.339419    3.2507
-0.400852  0.452362 -0.796672   2.82214
 0.016885 -0.865798 -0.500109   4.13778
        0         0         0         1
9	31	47
 0.736826  0.171285 -0.654025  0.594656
-0.438139  0.857721 -0.268977   1.37742
 0.514899  0.484743  0.707038 -0.710631
        0         0         0         1
8	32	47
  0.96749 -0.042625  0.249292  0.044844
 0.138701  0.913666 -0.382069  0.899476
-0.211484  0.404225  0.889875 -0.470368
        0         0         0         1
15	32	47
 0.993403  0.055215 -0.100512  0.015709
-0.096152  0.878682 -0.467624   1.10249
 0.062498  0.474204  0.878194 -0.725578
       -0         0         0         1
9	32	47
 0.968014  0.152942 -0.198892  0.108021
 -0.21887  0.902305 -0.371405   1.12974
 0.122658  0.403057  0.906918 -0.522372
       -0         0         0         1
15	36	47
 -0.98826 -0.129401 -0.081227    3.3452
 -0.07563  0.876282 -0.475825  0.760922
  0.13275 -0.464096 -0.875781    4.2968
        0         0         0         1
9	36	47
-0.996653 -0.081564  0.005523   3.38014
-0.005753  0.137373  0.990503 -0.485102
-0.081548  0.987155 -0.137383   1.06257
        0         0         0         1
14	37	47
-0.470141   0.86766 -0.161662   1.91423
-0.873633 -0.483526 -0.054471   4.34981
 -0.12543  0.115624  0.985342 -0.003839
        0         0         0         1
9	37	47
-0.953413 -0.049651 -0.297554   3.81157
-0.243059  -0.45779   0.85519   1.47791
-0.178678  0.887673  0.424395  0.177395
        0         0         0         1
12	38	47
-0.459162  0.026652 -0.887953   4.60689
 0.766992  0.516208 -0.381119  0.198602
 0.448211 -0.856048 -0.257465    3.2447
        0         0         0         1
8	39	47
-0.976315 -0.034489  0.213589   2.43929
 0.145684 -0.834661  0.531147   1.35962
 0.159955  0.549683  0.819916 -0.864587
        0         0         0         1
14	39	47
-0.586811  0.780158 -0.216811   2.21019
-0.809687 -0.562791  0.166354    3.7266
 0.007763  0.273168  0.961935 -0.734827
        0         0         0         1
9	39	47
-0.859494   -0.1686 -0.482539   3.88968
-0.104794 -0.865858  0.489191   1.64987
-0.500287  0.471024  0.726532  0.828156
        0         0         0         1
15	40	47
-0.977537  0.179648 -0.110218   3.01911
-0.209769 -0.778538  0.591503   1.89634
 0.020454  0.601336  0.798734 -0.654479
        0         0         0         1
8	40	47
 0.897645   -0.0685  0.435364 -0.380006
 0.405956 -0.256033 -0.877295   2.85231
 0.171562  0.964238 -0.202019  0.390616
        0         0         0         1
11	40	47
-0.895686  0.025462 -0.443958   3.69893
 0.444303  0.009739 -0.895824   2.40113
-0.018486 -0.999628 -0.020035   3.66173
        0         0         0         1
14	41	47
 0.207059  0.501542   0.83999 -0.587079
 0.906127 -0.422036  0.028628   1.37671
 0.368864   0.75521 -0.541847  0.931869
        0         0         0         1
14	42	47
 0.661157  0.470999  0.583978  -1.19041
 0.750238 -0.411269 -0.517687   1.74644
-0.003658  0.780396 -0.625275   1.40293
        0         0         0         1
13	43	47
 0.947868   0.03567  0.316661 -0.422623
 0.314864 -0.257847 -0.913442   2.87572
 0.049068  0.965527 -0.255636  0.891895
        0         0         0         1
8	44	47
-0.987247 -0.014546 -0.158531   2.88302
 0.043433  0.933429 -0.356123  0.611553
 0.153158 -0.358467 -0.920893     3.894
        0         0         0         1
9	44	47
 0.975763  0.160109 -0.149168  0.219833
-0.169428  0.984173 -0.051937  0.645244
 0.138491  0.075952  0.987447  0.050829
        0         0         0         1
12	44	47
-0.937348 -0.334309  0.098059   3.23965
-0.345686   0.85744  -0.38118  0.700889
 0.043352 -0.391196 -0.919286   4.17935
        0         0         0         1
8	45	47
 0.977114 -0.112203  0.180717 -0.254269
 0.189729  0.075564 -0.978924   2.88238
 0.096183  0.990808  0.095123  0.121694
        0         0         0         1
14	46	47
   0.6257 -0.546321 -0.556807   3.22758
 0.575438  -0.15866  0.802308 -0.249584
 -0.52666 -0.822412    0.2151   3.39274
        0         0         0         1
15	46	47
-0.838897 -0.413838  0.353539    2.4712
-0.456674   0.88857 -0.043499   1.08632
-0.296143 -0.197943 -0.934408   4.51242
        0         0         0         1
16	17	47
 0.858567  0.213216 -0.466264  0.692111
-0.252741  0.967259 -0.023077  0.335435
 0.446077  0.137657  0.884345 -0.772429
       -0         0         0         1
18	19	47
 0.785592 -0.145574  0.601376   0.56002
 0.216007  0.975304 -0.046085 -0.318861
-0.579816  0.166105  0.797636  0.514982
        0         0         0         1
22	23	47
 0.921744 -0.292807  0.254266  0.209321
 0.122251  0.841633  0.526031 -0.015352
-0.368025 -0.453782  0.811567     1.538
        0         0         0         1
20	21	47
 0.973802 -0.046518  0.222587  0.427524
  0.08759  0.980055 -0.178381 -0.194797
-0.209849  0.193204  0.958455  0.012068
        0         0         0         1
21	22	47
 0.993134  -0.04294  0.108819  0.677766
 0.021816  0.981863  0.188333 -0.430948
-0.114932 -0.184666  0.976058  0.378123
        0         0         0         1
16	18	47
 0.916693  0.199363 -0.346308  0.361754
-0.210638   0.97755  0.005191  0.200866
 0.339568  0.068187  0.938107 -0.764392
        0         0         0         1
22	24	47
 0.441526 -0.512343  0.736587  0.839144
 0.406838  0.846015   0.34459 -0.823855
-0.799711  0.147526  0.581977   1.70722
        0         0         0         1
23	24	47
 0.730967 -0.363248    0.5777  0.165801
 0.379868  0.919862  0.097743 -0.781248
 -0.56691  0.148003  0.810375  0.825357
       -0        -0         0         1
19	21	47
 0.919522 -0.021652 -0.392442   1.00085
 -0.10935  0.944967 -0.308351  0.200908
 0.377521  0.326449   0.86655  -1.28772
       -0         0         0         1
23	25	47
  0.33682 -0.396668  0.853936   0.04264
 0.536979  0.825907  0.171846  -1.08417
-0.773437  0.400665  0.491184    1.4299
        0         0         0         1
18	28	47
 0.990445 -0.116693  0.073496 -0.063053
 0.137772  0.860962 -0.489656  0.531642
-0.006138  0.495103  0.868812 -0.395561
        0         0         0         1
19	28	47
-0.737707  0.663948  -0.12232   1.53969
-0.644791   -0.7466 -0.163809     3.181
-0.200085 -0.041972  0.978879  0.225762
        0         0         0         1
16	26	47
 0.989408 -0.143721  0.020408 -0.425079
 0.143549  0.947788 -0.284765 -0.035559
 0.021584  0.284678   0.95838 -0.350992
        0         0         0         1
18	29	47
 0.949675 -0.311871 -0.029223  0.484648
 0.277555  0.881068 -0.382991  0.398359
 0.145191  0.355606   0.92329   -0.6346
       -0         0         0         1
16	28	47
 0.996392  0.011345 -0.084108  -0.32222
-0.033959  0.961527 -0.272604  0.200886
 0.077779  0.274476  0.958443 -0.416646
        0         0         0         1
17	28	47
-0.795135 0.397517 0.457975  1.43194
0.186138 -0.55876 0.808171 0.931455
0.577159 0.727852 0.370296 -1.03037
       0        0        0        1
16	29	47
 0.957166   0.02075 -0.288796 -0.184171
-0.130505  0.921283 -0.366342  0.481512
 0.258461   0.38834  0.884528 -0.812385
       -0         0         0         1
16	31	47
 0.510219  0.137111 -0.849045   1.05365
-0.428237  0.896631 -0.112546  0.776343
 0.745848  0.421015  0.516194  -1.54629
       -0         0         0         1
23	32	47
 0.602006 -0.026407  0.798055  -1.37169
 0.479275  0.811344  -0.33469 0.0325899
-0.638659  0.583973   0.50109   0.79329
        0         0         0         1
17	32	47
 0.735012 -0.034131  0.677195   -1.1427
 0.198572   0.96578  -0.16685 -0.260418
-0.648326  0.257109  0.716637  0.606765
        0         0         0         1
16	36	47
 0.998176  0.052407  0.029967  -0.26582
 0.035627 -0.110633 -0.993223   3.08313
-0.048736  0.992479 -0.112298  0.228038
        0         0         0         1
19	36	47
-0.910782  0.101712  0.400163   1.57068
-0.242917  0.651695  -0.71853   1.82043
-0.333867 -0.751631 -0.568844   4.40701
        0         0         0         1
20	37	47
-0.433825  -0.61686  0.656718   1.76323
 -0.90093  0.288104 -0.324532   2.78821
 0.010988 -0.732447 -0.680735    4.7957
        0         0         0         1
17	38	47
 0.307648 -0.401382  0.862696 -0.244449
 0.661039    0.7423  0.109631  -1.03089
-0.684383  0.536548  0.493696    1.0152
        0         0         0         1
16	39	47
-0.378075  0.389936 -0.839648   3.26725
-0.806062 -0.584731  0.091401   3.58247
-0.455328  0.711365  0.535384  0.339263
        0         0         0         1
20	39	47
-0.974565  0.144038  0.171686   2.45476
 0.077187 -0.503485  0.860549  0.106151
 0.210393  0.851913  0.479561 -0.539296
        0         0         0         1
17	39	47
-0.826152 -0.542956   0.15057   2.88315
-0.513436  0.615379 -0.598074   1.94028
  0.23207 -0.571408  -0.78717   3.96444
        0         0         0         1
17	41	47
-0.792269  0.610063  -0.01154   1.77035
-0.444628 -0.564265  0.695637     2.009
 0.417871  0.556263    0.7183  -1.08559
        0         0         0         1
16	42	47
 0.725437  -0.15924  0.669615 -0.847823
 0.621183 -0.267527 -0.736588   1.60537
 0.296434  0.950301 -0.095157 -0.528635
        0         0         0         1
20	42	47
 0.318929 -0.556517  0.767185    1.0731
-0.928625 -0.021573  0.370393   1.82102
-0.189579 -0.830556 -0.523675    4.9163
        0         0         0         1
20	44	47
 0.431162  0.386625 -0.815242    1.8217
 0.902076 -0.165753  0.398479 -0.320066
 0.018933 -0.907219 -0.420231   4.59674
        0         0         0         1
17	44	47
 0.950052 -0.021995  0.311314 -0.402767
-0.028121  0.987423  0.155581 -0.297631
-0.310821 -0.156564  0.937485  0.737572
        0         0         0         1
19	45	47
-0.910273 -0.153198  0.384621   2.02503
-0.356129  0.763505 -0.538732   1.89665
-0.211127 -0.627367 -0.749557   4.24018
        0         0         0         1
16	46	47
 0.949303  0.239964 -0.203078 -0.121245
-0.227842  0.080116 -0.970396   2.71228
-0.216591   0.96747  0.130729 -0.011469
        0         0         0         1
17	46	47
 0.658743  0.440454 -0.609966  0.902981
 0.312744  -0.89767 -0.310451   3.14296
-0.684287  0.013744 -0.729083   3.75662
        0         0         0         1
27	28	47
 0.928722  0.049977 -0.367394  0.910551
-0.065103   0.99746 -0.028884  0.039435
 0.365017  0.050744  0.929617 -0.587864
       -0         0         0         1
26	27	47
  0.97759 -0.047795  0.205022  0.267525
 0.045402  0.998835  0.016364 -0.135008
-0.205565 -0.006688  0.978621  0.563014
        0         0         0         1
25	26	47
 0.992176 -0.002703 -0.124817  0.174517
 -0.04082  0.937791 -0.344792  0.895501
 0.117984  0.347189  0.930344   -0.2119
        0         0         0         1
28	29	47
 0.994237 -0.003738 -0.107136   0.59572
 0.001061  0.999686 -0.025036 -0.003242
 0.107196  0.024778  0.993929  -0.39372
       -0         0         0         1
29	30	47
 0.678457 -0.234318  0.696269  0.127063
 0.213558  0.969746  0.118258 -0.247906
-0.702914  0.068461  0.707972   1.40549
        0         0         0         1
24	25	47
  0.88524 -0.196699  0.421497 -0.053453
  0.25292  0.964066 -0.081291 -0.046117
-0.390361  0.178567  0.903179  0.224989
        0         0         0         1
27	29	47
 0.896848  0.039439 -0.440576   1.40769
-0.071498  0.995845 -0.056397  0.050105
 0.436521   0.08208  0.895942 -0.784045
       -0         0         0         1
26	28	47
 0.979213   0.12986 -0.155817  0.631049
-0.148331  0.982413 -0.113411  0.288658
 0.138349  0.134166  0.981254 -0.319014
       -0         0         0         1
30	31	47
-0.671541  -0.13143  0.729218   2.18157
-0.018218  0.986774  0.161074 -0.337335
-0.740743  0.094883 -0.665054   3.46095
        0         0         0         1
25	27	47
 0.994837  0.026598  0.097934  0.171919
  0.02405  0.875759 -0.482148   1.08641
-0.098591  0.482014  0.870599  0.384688
        0         0         0         1
28	30	47
-0.905511  0.367746 -0.211688   3.18215
-0.318248 -0.918568 -0.234417   3.32752
-0.280656 -0.144898  0.948808  0.569687
        0        -0         0         1
24	26	47
  0.91065  -0.09331  0.402504 -0.179836
  0.27406  0.865434 -0.419422  0.672911
-0.309204  0.492257  0.813681  0.193323
        0         0         0         1
26	29	47
 0.905832  0.239821  -0.34922  0.995746
 -0.28785  0.953244 -0.092023  0.628097
 0.310823   0.18388  0.932511 -0.689022
       -0         0         0         1
25	28	47
 0.967974  0.093439 -0.233013   1.24823
-0.169404  0.928101 -0.331558  0.922781
 0.185279  0.360413  0.914207 -0.193954
        0         0         0         1
27	31	47
  0.78335    0.0478  -0.61974  0.672051
-0.092329  0.994926 -0.039966  0.007537
 0.614685  0.088528  0.783789  -1.01864
       -0         0         0         1
24	27	47
 0.184445  0.846113  0.500073  0.241334
-0.740458  0.454206 -0.495399   2.99915
-0.646299 -0.278909  0.710287   1.88559
        0         0         0         1
29	32	47
 0.989423 -0.019404  0.143758 -0.187275
-0.002729  0.988348  0.152187 -0.362314
-0.145036  -0.15097  0.977841  0.092785
       -0        -0        -0         1
31	32	47
 0.840954  0.004363  0.541089  0.002226
-0.062114  0.994136  0.088521 -0.121292
 -0.53753 -0.108051  0.836294  0.519614
        0        -0         0         1
24	28	47
 0.986136 -0.113493   0.12106  0.772222
 0.154206  0.896225 -0.415935  0.863622
-0.061291  0.428836  0.901301 -0.424647
        0         0         0         1
27	33	47
-0.666396 -0.195293  0.719568   1.89151
-0.724515   0.39749 -0.563098   3.06399
-0.176052 -0.896584 -0.406378   3.69655
        0         0        -0         1
28	33	47
-0.896904  0.072527  0.436238   3.24798
 0.358551 -0.458151   0.81335  0.788518
 0.258852  0.885911  0.384913  -1.28301
       -0         0         0         1
24	29	47
 0.999419 -0.005685 -0.033596  -0.10862
-0.007215  0.928318 -0.371716  0.888169
 0.033301  0.371743  0.927738 -0.314107
        0         0         0         1
27	34	47
-0.415031 -0.565629   0.71261   2.06495
 0.909804 -0.260171   0.32337 -0.176606
0.00249298  0.782544  0.622591  -1.07472
       -0         0         0         1
28	34	47
-0.976506  0.215398 -0.006248      2.89
-0.114201 -0.492709  0.862668  0.973571
 0.182739  0.843114  0.505732  -1.18982
        0         0         0         1
29	34	47
-0.857308   0.45627 -0.238414   1.72361
-0.432136 -0.386116  0.814968   1.24437
  0.27979  0.801706  0.528191 -0.894209
        0         0         0         1
30	34	47
 0.856068 -0.488042 -0.170183   1.60873
 0.087557  0.461434 -0.882843   2.11576
 0.509393  0.740873   0.43775  -1.09722
        0         0         0         1
28	35	47
-0.964967 -0.114578 -0.236031   3.90843
 0.141168   0.53156 -0.835174   1.50855
 0.221158 -0.839235 -0.496763   3.79397
        0         0         0         1
27	36	47
 0.807223  -0.40549  0.428916  0.149119
 0.565516  0.323173 -0.758782  0.910615
 0.169064  0.855066  0.490184  -1.21541
       -0         0         0         1
29	36	47
 0.930809  0.308411  0.196156 -0.494458
 0.073058  0.368851 -0.926613   2.06212
 -0.35813   0.87683  0.320798  0.052707
        0         0         0         1
27	37	47
-0.915972 -0.292664  0.274488   3.62889
 0.388914   -0.4793  0.786776  0.563168
-0.098699  0.827417  0.552847 -0.641212
        0         0         0         1
28	37	47
-0.555021  0.563215 -0.612161   3.18433
-0.815509 -0.223322  0.533922   2.20683
 0.164004   0.79556  0.583255  -1.25565
        0         0         0         1
29	37	47
 0.834004 -0.111246 -0.540428   1.45451
   0.4881 -0.307973  0.816646 -0.591372
-0.257286 -0.944869 -0.202552    4.1354
        0         0         0         1
27	38	47
-0.456835 -0.423939  0.782034   1.74604
 0.883708 -0.115688  0.453515  0.040131
 -0.10179  0.898272  0.427489 -0.778775
        0         0         0         1
28	38	47
 0.968428 -0.249287 -0.001663  0.667289
-0.099671 -0.393302  0.913991  0.611511
  -0.2285 -0.884969 -0.405732   4.22106
        0         0         0         1
29	38	47
 0.844497 -0.162627 -0.510272   2.00567
 0.420766  -0.38798  0.820017  0.082114
-0.331332 -0.907207  -0.25922   4.10859
        0         0         0         1
27	39	47
 0.977865 -0.094473 -0.186694  0.857529
-0.156725  0.260444 -0.952684   2.81528
 0.138627  0.960856  0.239873 -0.893704
       -0         0         0         1
28	39	47
 0.978376 -0.203049 -0.039388   0.49459
 -0.02775 -0.317573  0.947828  0.035477
-0.204964 -0.926239 -0.316341   4.15866
        0         0         0         1
30	39	47
-0.668174  0.628554 -0.398075   2.83531
 0.713254  0.388924 -0.583101  0.679901
 -0.21169 -0.673541 -0.708187   4.36013
        0         0         0         1
29	39	47
 0.914728  0.229367  0.332661 -0.618021
  0.26959  0.266822 -0.925272   2.33656
-0.300988  0.936054  0.182234  0.077072
        0         0         0         1
27	40	47
  0.34018  0.517096 -0.785423   1.93399
 0.935332 -0.099799  0.339403 -0.717984
  0.09712 -0.850089 -0.517606   3.51666
        0         0         0         1
28	40	47
-0.956085  0.283948  0.072631   2.34085
-0.075105 -0.476895  0.875746  0.710721
 0.283303  0.831832  0.477278  -1.15748
        0         0         0         1
29	40	47
 0.798036  0.000328   0.60261 -0.986506
 0.551972   0.40085 -0.731195   1.23432
-0.241796  0.916144  0.319712 -0.120803
        0         0         0         1
25	39	47
 -0.79752  0.346639 -0.493764   3.56106
 0.575317   0.68333 -0.449522  0.031565
 0.181582 -0.642574 -0.744397   3.80273
        0         0         0         1
27	41	47
-0.704474 -0.065245  0.706725    1.6156
-0.686619  0.314692  -0.65538    2.7397
 -0.17964 -0.946949 -0.266491   3.57549
        0         0        -0         1
26	41	47
 0.959152  0.131363  -0.25054  0.723902
-0.265523  0.112524 -0.957515    2.9234
 -0.09759  0.984927  0.142808 -0.313471
        0         0         0         1
27	42	47
 0.555322 -0.068264  0.828829 -0.823663
 -0.81552 -0.239949  0.526642   2.37573
 0.162926 -0.968382  -0.18892   3.28754
        0         0         0         1
29	42	47
-0.761129  0.509209 -0.401732   2.61203
-0.590939 -0.289127  0.753125   1.47697
 0.267346  0.810624  0.520975  -1.16577
        0         0         0         1
27	43	47
 0.062598 -0.587634  0.806702   1.18657
-0.988141 -0.150042 -0.032619   2.98319
 0.140208 -0.795094 -0.590058   3.53617
        0         0         0         1
30	43	47
 0.525924 -0.718715  0.454811  0.987348
 0.789107  0.212795 -0.576219  0.675237
 0.317355  0.661942  0.679057  -1.38596
        0         0         0         1
29	43	47
-0.908092  0.366134 -0.203259   2.06802
-0.334277 -0.341399  0.878468  0.817404
 0.252245  0.865675  0.432412 -0.854084
        0         0         0         1
25	43	47
-0.962976  0.265787  0.045106   2.27143
 0.183851  0.769837 -0.611187  0.946371
 -0.19717 -0.580266   -0.7902   4.51624
        0         0         0         1
27	44	47
 0.991538 -0.096762 -0.086547  0.643371
-0.018023  0.557614 -0.829905   2.22684
 0.128564  0.824441  0.551151  -1.13418
       -0         0         0         1
28	44	47
-0.890263 -0.063231  0.451035   1.88654
 0.403638 -0.568264  0.717044  0.539132
 0.210967  0.820413  0.531427  -1.06005
        0         0         0         1
29	45	47
-0.905893  0.421339  0.042794   2.12428
-0.200116 -0.514918  0.833554   1.27324
 0.373245  0.746547  0.550778  -1.21319
        0         0         0         1
27	46	47
-0.760952   0.27992 -0.585318   3.66764
-0.644406 -0.430982   0.63166   2.14545
-0.075447  0.857846  0.508339 -0.743178
        0         0         0         1
28	46	47
-0.751573  0.556308 -0.354485   3.00148
-0.643249 -0.498981  0.580732   2.48325
 0.146185  0.664484  0.732865   -1.1313
        0         0         0         1
29	46	47
 0.919908  0.171932  0.352433 -0.524735
 0.212397  0.537038 -0.816381  0.884178
-0.329631  0.825851  0.457508 -0.062428
        0         0         0         1
36	37	47
 0.989849  0.050341  -0.13291  0.166291
-0.052242  0.998576 -0.010848   0.08743
 0.132174  0.017681  0.991069 -0.098672
        0         0         0         1
35	36	47
 0.928403  0.161478 -0.334652  0.609829
-0.160173   0.98658  0.031693  0.271241
 0.335279  0.024179  0.941808  -0.19715
        0         0         0         1
37	38	47
 0.924894  0.141567 -0.352888  0.728092
-0.162358   0.98628 -0.029864  0.291459
 0.343818  0.084915  0.935189 -0.588872
       -0         0         0         1
34	35	47
 0.974297  0.108816 -0.197242  0.425328
-0.120474  0.991552 -0.048066  0.223922
 0.190345  0.070593  0.979176 -0.562468
        0         0         0         1
38	39	47
 0.939909  0.129421 -0.315944  0.338495
-0.129911  0.991332  0.019606  0.159445
 0.315743  0.022617  0.948575 -0.471454
        0         0         0         1
37	39	47
 0.876757   0.19758 -0.438473  0.754496
-0.216294    0.9763  0.007434  0.306637
  0.42955  0.088321  0.898713 -0.717026
       -0         0         0         1
35	37	47
 0.602694  0.349617 -0.717306   1.63022
-0.382829  0.915391  0.124504  0.577282
 0.700145  0.199568  0.685544 -0.512333
        0         0         0         1
36	38	47
 0.754992  0.264819 -0.599881   1.37073
-0.289543  0.955444  0.057373  0.336053
 0.588346  0.130376  0.798029 -0.621564
       -0         0         0         1
34	36	47
 0.830745  0.244681 -0.499994   1.09304
-0.277979  0.960552  0.008198  0.444638
 0.482276  0.132177   0.86599 -0.613737
        0         0         0         1
38	40	47
 0.998065  0.019033  -0.05919 -0.147732
-0.022215  0.998316 -0.053588 -0.042538
 0.058071  0.054799  0.996807  0.122941
       -0         0         0         1
33	34	47
 0.991054  -0.04686  0.124962   0.40621
 0.041929  0.998246  0.041807  0.132607
-0.126702 -0.036194   0.99128 -0.447332
