3	4	47
 0.993907  0.063045 -0.090406  0.547857
-0.066679   0.99706 -0.037751  0.079491
 0.087761  0.043549  0.995189 -0.126595
       -0         0         0         1
2	3	47
 0.989839  0.071745 -0.122763  0.463151
-0.071416  0.997421   0.00708  0.219095
 0.122954   0.00176  0.992411 -0.214143
        0         0         0         1
0	1	47
 0.942899 -0.131226   0.30614  0.162783
 0.119784  0.991222  0.055954 -0.807327
-0.310795 -0.016088  0.950341  0.302681
       -0        -0        -0         1
1	2	47
 0.999083  0.034799 -0.024959  0.404361
-0.031374   0.99147  0.126505 -0.116552
 0.029148 -0.125606  0.991652  0.015131
        0         0         0         1
4	5	47
 0.985246  0.100057 -0.138846  0.676949
-0.095627  0.994683  0.038234  0.151856
 0.141934 -0.024393  0.989576 -0.280684
        0         0         0         1
5	6	47
 0.837303 -0.157454  0.523576  0.582158
 0.206709   0.97772 -0.036542 -0.505028
-0.506157  0.138824  0.851195  0.760436
        0         0         0         1
6	7	47
 0.790174 -0.309006  0.529283   0.20238
 0.215545  0.948537  0.231985  -0.29713
 -0.57373 -0.069224  0.816114   0.81432
       -0        -0        -0         1
3	5	47
 0.965501  0.166295 -0.200384  0.948721
-0.158305  0.985836  0.055374  0.045666
 0.206754 -0.021742  0.978151 -0.225247
        0         0         0         1
0	2	47
 0.970659 -0.138639  0.196468  0.739678
 0.108778  0.981841  0.155423 -0.897655
-0.214448 -0.129491  0.968114   0.01633
       -0        -0        -0         1
2	4	47
 0.977504  0.116667  -0.17571  0.943761
-0.110842  0.992923  0.042647  0.055847
 0.179442 -0.022212  0.983518 -0.072103
        0         0         0         1
1	3	47
 0.956296  0.095849 -0.276245  0.784197
-0.057499  0.987944  0.143738   0.02523
 0.286692 -0.121573  0.950278 -0.516018
        0         0         0         1
5	7	47
 0.349703  -0.28744  0.891676   0.58387
 0.348658  0.923335  0.160907 -0.561085
-0.869566   0.25462  0.423111   1.52441
       -0        -0         0         1
6	8	47
 -0.04413  -0.62412  0.780081   1.67745
 0.540393 -0.671659 -0.506804   3.09328
 0.840255  0.399185  0.366911 -0.918899
        0         0         0         1
7	8	47
 0.704025 -0.393919  0.590912   0.31128
 0.345121  0.916979    0.2001 -0.595923
-0.620677  0.063061  0.781526   1.25302
        0         0         0         1
2	5	47
 0.873882  0.168987 -0.455822   1.80474
-0.168351  0.984817  0.042347  0.182451
 0.456058  0.039732  0.889063 -0.461152
       -0         0         0         1
5	8	47
 0.946412  0.184477 -0.265091  0.012547
-0.132192  0.970172  0.203201  -0.18499
  0.29467 -0.157269  0.942569  0.413516
        0         0         0         1
4	8	47
 0.891342   0.24136 -0.383739  0.171584
-0.220119  0.970428  0.099081  0.206767
 0.396305 -0.003846  0.918111 -0.119231
        0         0         0         1
5	9	47
 0.971564 -0.144318  0.187714 -0.289207
 0.110009   0.97715  0.181869 -0.291226
-0.209672 -0.156047  0.965239  0.862522
        0         0         0         1
7	9	47
 0.287331 -0.716952  0.635154  0.873046
 0.649821   0.63308  0.420645  -1.26799
-0.703686  0.291871  0.647794   1.04141
        0         0         0         1
3	8	47
  0.99116  0.056465 -0.120054 -0.103298
-0.049219  0.996831  0.062487 -0.222685
 0.123202 -0.056025  0.990799  0.444577
        0         0         0         1
4	9	47
  0.99662 -0.046028  0.068042 -0.135794
 0.033022  0.982891  0.181207 -0.157877
-0.075219 -0.178347  0.981089  0.630019
       -0        -0        -0         1
2	7	47
 0.558613  0.345858 -0.753879   1.16469
-0.353449  0.921518  0.160866  0.217369
  0.75035  0.176595  0.637015 -0.551755
       -0         0         0         1
0	6	47
-0.997405 -0.055036  0.046424   3.39181
 0.014324 -0.783554 -0.621159   2.78677
 0.070561 -0.618882  0.782309   1.03423
        0         0         0         1
3	9	47
 0.897003 -0.254276  0.361566 -0.582737
 0.246619  0.966722  0.068026 -0.437045
-0.366831  0.028149  0.929862  0.975185
       -0        -0         0         1
4	10	47
  0.97084 -0.136167    0.1973 -0.553683
  0.10867  0.983579  0.144094 -0.284095
-0.213681 -0.118452  0.969696  0.763031
        0         0         0         1
5	10	47
 0.999402  0.020323 -0.027967  0.131565
 -0.01747  0.994959  0.098745 -0.031967
 0.029833 -0.098197   0.99472  0.316035
        0         0         0         1
7	10	47
 0.466468 -0.607026  0.643372  0.640325
 0.645209  0.731055  0.221955 -0.848505
-0.605072  0.311575  0.732672  0.570036
        0         0         0         1
2	8	47
 0.960878  0.146534 -0.235037 -0.091944
-0.122452  0.985899  0.114052  0.022153
 0.248435  -0.08081  0.965272  0.206536
        0         0         0         1
3	10	47
  0.99994  0.001757  0.010858  0.147862
-0.002395  0.998254  0.059025 -0.031123
-0.010735 -0.059047  0.998197  0.292471
        0         0         0         1
2	9	47
 0.931831 -0.332354   0.14571    0.0944
 0.310578  0.938072    0.1535 -0.628972
-0.187703 -0.097782  0.977347  0.592427
       -0        -0        -0         1
3	11	47
 0.998888  0.046879 -0.005075  0.616631
-0.046744  0.998615  0.024165  -0.02698
 0.006201 -0.023901  0.999695  0.284309
        0         0         0         1
4	11	47
 0.997052 -0.032222  0.069631  0.059033
 0.026687  0.996516  0.079016 -0.053686
-0.071935 -0.076925  0.994439  0.407086
        0         0         0         1
5	11	47
 0.992532  -0.08287  0.089509 -0.066485
 0.078913  0.995778  0.046892 -0.184634
-0.093017 -0.039479  0.994882  0.454076
        0         0         0         1
7	11	47
 0.622903  -0.18479  0.760161 -0.627273
-0.092159  0.947601  0.305874  0.035836
-0.776851 -0.260586  0.573234   2.35171
        0         0         0         1
2	10	47
 0.997138 -0.059904  0.046114  0.214803
 0.058702  0.997911  0.026991 -0.021076
-0.047635 -0.024207  0.998572  0.344741
        0         0         0         1
2	11	47
 0.956526  0.178045 -0.230992  0.380042
-0.163954  0.983301  0.078988  0.208466
 0.241198 -0.037682  0.969744 -0.018094
        0         0         0         1
3	12	47
 0.998234  0.044584  0.039256  0.793164
-0.046112  0.998178  0.038903 -0.059078
 -0.03745 -0.040645  0.998472  0.260075
        0        -0         0         1
4	12	47
 0.999469  0.026858 -0.018465  0.169882
-0.025723  0.997917  0.059161  0.012438
 0.020015 -0.058655  0.998078  0.139708
        0         0         0         1
5	12	47
 0.998193 -0.029372  0.052417  0.095325
 0.024898   0.99615  0.084058 -0.186247
-0.054684 -0.082601  0.995081  0.380914
       -0        -0        -0         1
7	12	47
 0.791506 -0.208681  0.574431 -0.360435
 0.153131  0.977634  0.144159 -0.226804
-0.591667 -0.026139  0.805759   1.03326
        0         0         0         1
1	11	47
 0.995214  0.026336  0.094101  0.381922
 0.037329 -0.992426 -0.117038   3.41814
 0.090305  0.119991 -0.988659   3.73482
        0         0         0         1
5	13	47
 0.933823 -0.141033  0.328762 -0.071427
 0.076431  0.976444  0.201779 -0.745128
-0.349475 -0.163298  0.922605  0.929951
       -0        -0        -0         1
6	13	47
 0.983687    0.0913 -0.154996  0.048383
-0.059564  0.978336  0.198268 -0.119595
  0.16974 -0.185801  0.967815 -0.088552
        0         0         0         1
7	14	47
 0.891837  0.246696  0.379167  -1.05941
-0.437068  0.686009   0.58169  0.405987
-0.116611 -0.684494  0.719631   2.32928
        0         0         0         1
5	15	47
  0.95619 -0.274473  0.101813  0.735481
 0.271668  0.961528  0.040735 -0.767339
-0.109077 -0.011291  0.993969  0.506634
        0         0         0         1
2	16	47
 0.975262   0.15175 -0.160736  0.133705
 -0.19082  0.945004 -0.265623   0.87539
 0.111588  0.289723  0.950583  0.448509
        0         0         0         1
6	20	47
 0.389224  0.919124 -0.060962  0.154641
-0.917794  0.392597  0.059343   2.20087
 0.078477  0.032853  0.996374 -0.290085
        0         0         0         1
2	20	47
 0.976519 -0.144772 -0.159534  0.317056
-0.179805 -0.955608 -0.233418   3.50425
-0.118659  0.256622   -0.9592   3.99296
        0         0         0         1
7	20	47
-0.472421 -0.319009  0.821616    1.2325
-0.121566 -0.899705 -0.419228    3.4448
 0.872949 -0.297933  0.386258  0.021855
        0         0         0         1
0	30	47
 0.572527  0.036137 -0.819089   1.38387
-0.263864  0.953998 -0.142347  0.674447
 0.776266  0.297626  0.555725 -0.984109
        0         0         0         1
1	30	47
 0.175678 -0.114645 -0.977749   2.07061
-0.687233  0.696856 -0.205189   2.15306
 0.704874  0.707989  0.043634  -0.40157
        0         0         0         1
0	31	47
 0.966751   0.06014 -0.248546  0.304706
-0.109527  0.975667 -0.189939  0.222192
 0.231075  0.210847  0.949815 -0.441276
       -0         0         0         1
2	31	47
 0.828275  0.053223 -0.557788  0.185108
-0.239285  0.933738 -0.266226   1.09632
 0.506659  0.353978  0.786127 -0.554464
        0         0         0         1
1	31	47
 0.831954  0.079789 -0.549078  0.528046
-0.205688  0.963446 -0.171652  0.962523
 0.515311  0.255745  0.817954 -0.635298
        0         0         0         1
7	32	47
 0.550269 -0.110898   0.82759 -0.591447
 0.355042  0.928154 -0.111696  0.146622
-0.755744  0.355292  0.550107   1.29924
        0         0         0         1
2	32	47
 0.859999 -0.159931  0.484586 -0.871635
 0.328132  0.900577 -0.285115   0.17453
-0.390808  0.404207  0.826974  0.621794
        0         0         0         1
3	35	47
 -0.99124  0.080242 -0.104905   3.53475
-0.128239 -0.774771  0.619099   1.00333
  -0.0316  0.627129  0.778274 -0.357509
        0         0         0         1
4	35	47
-0.947818  0.098302 -0.303278   3.50899
-0.306044 -0.014038  0.951914  0.385639
 0.089318  0.995058  0.043391   0.16129
        0         0         0         1
5	36	47
-0.259391  -0.77077  0.581919    2.7702
-0.964009  0.170248  -0.20421   3.27917
 0.058329 -0.613945  -0.78719   4.57799
        0         0         0         1
3	39	47
-0.927291  0.321164 -0.192315   2.67065
-0.184341  0.055365  0.981302 -0.017028
 0.325806  0.945404  0.007865  0.237347
        0         0         0         1
5	40	47
 0.258759 -0.642723  0.721076    1.2142
-0.965331 -0.198606  0.169386   2.56601
 0.034342 -0.739907 -0.671832   4.52311
        0         0         0         1
6	41	47
-0.794734 -0.408032  0.449341   2.28964
-0.605075  0.474344 -0.639439   2.99968
  0.04777 -0.780069 -0.623867    4.3819
        0         0         0         1
3	46	47
-0.981152 -0.059149   0.18396    2.5214
 0.191919 -0.409189  0.892038  0.675839
 0.022512   0.91053  0.412829  0.188429
        0         0         0         1
10	11	47
 0.980058  0.125951 -0.153694  0.594521
-0.128187  0.991739 -0.004687   0.12469
 0.151834  0.024295  0.988107 -0.199092
       -0         0         0         1
8	9	47
    0.90275   -0.230874     0.36296    0.060945
   0.214422    0.972984    0.085593   -0.116512
  -0.372915 0.000558004    0.927865    0.393579
         -0          -0           0           1
9	10	47
 0.979721  0.142956 -0.140395  0.591252
-0.148739  0.988373 -0.031545  0.108701
 0.134253  0.051788  0.989593 -0.086087
        0         0         0         1
14	15	47
 0.797104 -0.409181  0.444068  0.482051
 0.397178   0.90921  0.124845 -0.231219
-0.454835   0.07686  0.887253  0.748296
        0         0         0         1
11	12	47
 0.990879  0.066033 -0.117471  0.607316
-0.064404  0.997768  0.017613  0.056781
 0.118372 -0.009887   0.99292 -0.217603
        0         0         0         1
12	13	47
 0.969643 -0.132643  0.205423  0.232558
 0.119049   0.98988  0.077235 -0.580638
-0.213589 -0.050435  0.975621  0.344077
       -0        -0        -0         1
15	16	47
 0.996341 -0.047185  0.071259  0.181431
 0.058121  0.985378 -0.160164  0.486806
 -0.06266  0.163719  0.984515  0.339288
        0         0         0         1
10	12	47
 0.949071  0.224892 -0.220653   1.05079
-0.234496  0.971951 -0.017988  0.224625
 0.210419  0.068814  0.975187 -0.349773
       -0         0         0         1
8	10	47
 0.976729 -0.114357  0.181444 -0.052595
 0.116772  0.993155 -0.002647  0.081633
  -0.1799  0.023773  0.983398 -0.029587
        0         0         0         1
14	16	47
 0.737198 -0.371999  0.564054  0.641505
 0.465306  0.884808 -0.024598  0.167381
-0.489929  0.280591  0.825372  0.722206
        0         0         0         1
9	11	47
 0.903852   0.23901 -0.354861   1.32624
-0.264054  0.964231 -0.023121  0.160842
 0.336642    0.1146  0.934633 -0.283708
        0         0         0         1
11	13	47
 0.984217  0.176518  0.012576  0.543943
-0.176909   0.97962  0.095125 -0.074414
 0.004472 -0.095848  0.995386  0.004938
        0         0        -0         1
10	13	47
 0.988881  0.030619 -0.145521  0.752265
-0.007286  0.987374   0.15824 -0.601715
 0.148529  -0.15542  0.976618  0.052166
        0         0         0         1
15	17	47
 0.892305  0.187084 -0.410842  0.804314
 -0.28266  0.941144 -0.185342   1.01632
 0.351987  0.281511  0.892668 -0.437718
       -0         0         0         1
9	12	47
 0.824802  0.388987 -0.410355   1.02728
-0.411938  0.910534  0.035137  0.382538
  0.38731   0.14006  0.911249  -0.51652
       -0         0         0         1
14	17	47
 0.977035 -0.143349  0.157649  0.602922
 0.189907  0.921356 -0.339173  0.881796
-0.096631  0.361323   0.92742 -0.322395
        0         0         0         1
8	12	47
 0.845671  0.522185  0.110293 -0.649059
-0.521283  0.852484 -0.039172   1.18815
-0.114478 -0.024367  0.993127 -0.194187
        0        -0         0         1
9	13	47
 0.845386  0.528175 -0.079708 -0.184924
-0.533643  0.841656 -0.082702  0.690226
 0.023405  0.112451  0.993382 -0.250175
       -0         0         0         1
15	25	47
 0.972863 -0.084363  0.215452 -0.322541
 0.129931  0.969673 -0.207007  0.215717
-0.191455  0.229383  0.954321  0.199576
        0         0         0         1
15	26	47
 0.996595 -0.054543  0.061828 -0.799178
 0.075013   0.91105 -0.405415  0.725587
-0.034215  0.408673  0.912039  0.113464
        0         0         0         1
15	28	47
 0.977226 -0.208289 -0.040558  0.202098
 0.155853  0.834212 -0.528962  0.701426
 0.144011  0.510594  0.847676 -0.293385
        0         0         0         1
11	28	47
  0.85247  0.235055 -0.466952  0.677672
-0.343272  0.925357 -0.160871   1.02309
 0.394283  0.297429  0.869527 -0.386407
        0         0         0         1
15	29	47
 0.939555  0.320599 -0.120222  0.271073
-0.340077  0.832948 -0.436515   1.24517
-0.039807  0.451014  0.891629 -0.329502
        0         0         0         1
11	29	47
 0.940546 -0.035687 -0.337786  0.579645
-0.053429  0.966541 -0.250887  0.647143
 0.335438  0.254018  0.907169 -0.076401
        0         0         0         1
10	29	47
 0.880037  0.107132 -0.462664  0.800702
-0.310406  0.867076 -0.389651    1.0687
 0.359421   0.48652  0.796313 -0.259272
        0         0         0         1
15	30	47
 0.812315  -0.41482  0.409962 -0.073789
 0.572851  0.699449 -0.427332 -0.102016
-0.109481  0.581976  0.805803 -0.074832
        0         0         0         1
14	30	47
 0.508201  0.687973 -0.518097  0.080734
-0.561249 -0.191736 -0.805132   3.94658
-0.653247   0.69995  0.288684   1.90693
        0         0         0         1
9	29	47
 -0.92529 -0.320636  0.202559   3.42749
 0.374953 -0.693122  0.615623  0.807239
-0.056993  0.645581  0.761563 -0.088267
        0         0         0         1
14	31	47
 0.943985  0.041865  0.327322 -0.816776
 0.176863  0.773228 -0.608964   1.23475
-0.278589  0.632744  0.722512  0.356056
        0         0         0         1
15	32	47
 0.993445  0.054206 -0.100645  0.018426
-0.095033  0.880941 -0.463586   1.07777
 0.063533  0.470112  0.880317 -0.734343
       -0         0         0         1
9	34	47
-0.998064  0.043233  0.044721   2.78658
 0.017452 -0.495455  0.868458  0.967157
 0.059703  0.867557  0.493741 -0.319649
        0         0         0         1
9	37	47
-0.963477 -0.091763 -0.251577   3.81501
 -0.18452 -0.453349  0.872025   1.34281
-0.194072  0.886597  0.419859  0.212966
        0         0         0         1
12	38	47
  -0.7073 -0.046945 -0.705353   4.87974
 0.550324  0.589708 -0.591091  0.696487
 0.443701 -0.806251 -0.391265   3.34749
        0         0         0         1
9	38	47
-0.920253 -0.383453 -0.078092   3.98744
 0.100421 -0.424278  0.899946  0.623864
 -0.37822  0.820336   0.42895   0.57428
        0         0         0         1
14	39	47
-0.447185  0.893694 -0.036564   1.57289
-0.894354 -0.446198  0.032211   3.92912
 0.012472  0.047106  0.998812 -0.414325
        0         0         0         1
8	43	47
-0.960512  0.240012 -0.140751   2.96282
-0.264895  -0.63404  0.726515    1.7037
  0.08513  0.735111  0.672581 -0.787356
        0         0         0         1
8	44	47
-0.924621 -0.300434  0.234125   2.20685
 -0.36399  0.878016 -0.310804   1.29099
-0.112189 -0.372596 -0.921187   4.40113
        0         0         0         1
15	45	47
-0.964278  0.264477 -0.014807      2.37
-0.261302 -0.940555  0.216975   2.82551
 0.043458  0.213094  0.976065 -0.188508
        0         0         0         1
8	45	47
-0.933903 -0.158506 -0.320469    3.6933
 0.162101  0.611204 -0.774696   1.98178
 0.318666 -0.775439 -0.545111   3.49749
        0         0         0         1
9	45	47
 0.927499   0.29341  -0.23164  0.362335
-0.359073  0.871611 -0.333708   1.67503
 0.103986  0.392689  0.913774 -0.296265
        0         0         0         1
12	46	47
-0.925316 -0.347533  0.151691   2.93824
-0.318312  0.494492 -0.808799   2.66912
 0.206074  -0.79668 -0.568186   3.91673
        0         0         0         1
16	17	47
 0.859352  0.210788 -0.465921  0.680894
-0.249976  0.967976 -0.023135  0.328879
 0.446124   0.13635  0.884524 -0.804029
       -0         0         0         1
18	19	47
 0.805792 -0.157311  0.570922  0.608146
  0.23001  0.971521 -0.056942 -0.326711
-0.545705  0.177201  0.819027   0.42143
        0         0         0         1
22	23	47
 0.999513 -0.021658  0.022465   0.14701
 0.008236  0.877481  0.479541  0.158885
-0.030099 -0.479123  0.877232  0.814531
        0         0         0         1
20	21	47
 0.964455  0.045508  0.260298  0.549504
0.000132997  0.984975 -0.172694 -0.093644
-0.264246   0.16659  0.949959   0.07554
       -0         0         0         1
18	20	47
 0.806475  0.550247  0.216392  -1.12169
-0.522198  0.834505 -0.175813   1.54684
-0.277321  0.028789  0.960346 -0.060494
       -0         0        -0         1
23	24	47
 0.854731 -0.301523  0.422515 -0.011142
 0.300756  0.951104  0.070329 -0.692498
-0.423061  0.066962  0.903623  0.632497
       -0        -0         0         1
19	21	47
  0.91148 -0.104974 -0.397725   1.08199
-0.019807  0.954567 -0.297337 -0.132687
 0.410868  0.278895  0.867989  -1.33064
       -0         0         0         1
23	25	47
 0.366104 -0.395699  0.842253  0.017793
 0.524519  0.835362  0.164467  -1.09316
-0.768666  0.381566  0.513381    1.4357
        0         0         0         1
20	29	47
 0.943541  0.323681 -0.070429  -0.30847
-0.320225  0.945678  0.056124  0.312213
 0.084769 -0.030402  0.995937  0.446904
        0         0         0         1
16	27	47
 0.978509 -0.093582  0.183747 -0.533865
 0.100418  0.994545 -0.028236  -0.15413
-0.180102  0.046081  0.982568  0.305109
        0         0         0         1
17	29	47
 0.950081  0.152755  0.272051 -0.714317
-0.113546   0.98144 -0.154539  0.429365
-0.290609  0.115935  0.949792  0.554487
        0         0         0         1
16	29	47
 0.960853 -0.004785 -0.277018  0.079732
-0.114939  0.902869 -0.414267  0.550378
 0.252093  0.429889  0.866974  -0.84511
       -0         0         0         1
17	36	47
-0.886967 -0.276048 -0.370252   3.83696
 0.042292  0.749785 -0.660329   1.04546
 0.459892 -0.601348  -0.65336   3.15382
        0         0         0         1
16	37	47
  0.97386  0.224734 -0.033039  -1.10893
 0.154689  -0.54964  0.820955  0.467734
 0.166337 -0.804606 -0.570037   3.41546
        0         0         0         1
20	38	47
 0.903126  0.078891  0.422066  -0.58035
 0.397493  0.218092 -0.891311    1.3467
-0.162366  0.972734  0.165606  0.382766
        0         0         0         1
20	39	47
-0.974783  0.128082   0.18274   2.40197
 0.102223 -0.471635  0.875849 -0.006355
 0.198367  0.872442  0.446649 -0.493561
        0         0         0         1
20	40	47
  0.95264  0.256229 -0.163781  0.188031
-0.216441  0.192977 -0.957033   3.17732
-0.213614  0.947157  0.239296  0.390122
        0         0         0         1
20	41	47
-0.196266 -0.139511  0.970575  0.418692
 0.965602 -0.199677  0.166559  0.327762
 0.170565  0.969879  0.173902 -0.041552
        0         0         0         1
20	43	47
-0.122859 -0.591681  0.796756   1.38727
-0.982754  0.184339 -0.014648    2.6586
-0.138206 -0.784814 -0.604124   5.05114
        0         0         0         1
20	44	47
 0.425814   0.38811 -0.817345   1.83008
 0.904589 -0.162593  0.394059 -0.320816
 0.020044 -0.907157 -0.420315   4.59531
        0         0         0         1
26	27	47
 0.982223  0.186245 -0.023473  0.636374
-0.169584  0.933992  0.314483 -0.051367
 0.080494 -0.304912  0.948973  0.506653
        0         0         0         1
27	28	47
 0.933766  0.010663 -0.357726   0.92154
-0.035701  0.997346 -0.063459  0.057363
   0.3561  0.072027  0.931668   -0.6238
       -0         0         0         1
25	26	47
  0.99203  0.000907 -0.125997  0.163559
-0.042496  0.943792 -0.327798  0.870694
 0.118618   0.33054  0.936308 -0.211194
        0         0         0         1
28	29	47
 0.993287  0.006431 -0.115498  0.595091
 -0.00885  0.999752 -0.020444  0.001483
 0.115338  0.021329  0.993097 -0.397239
       -0         0         0         1
29	30	47
 0.652447 -0.301568  0.695248  0.336699
 0.264857    0.9503  0.163646 -0.480614
-0.710045  0.077371  0.699893   1.39674
        0         0         0         1
24	25	47
  0.88769 -0.197362  0.415998 -0.055223
 0.259807  0.960608 -0.098657 -0.035264
 -0.38014  0.195656  0.903998  0.180174
        0         0         0         1
26	28	47
 0.958196  0.209446 -0.194916   1.09462
-0.229106   0.96975 -0.084235  0.388284
 0.171377  0.125371  0.977196 -0.356355
       -0         0         0         1
27	29	47
 0.885527  0.035099  -0.46326   1.12171
-0.065355  0.996638 -0.049416  0.026696
 0.459968  0.074036  0.884844 -0.833267
       -0         0         0         1
30	31	47
    0.75286   -0.101477    0.650311 -0.00659697
   0.058074    0.994431    0.087943   -0.328974
  -0.655614   -0.028442    0.754561     1.24581
         -0          -0          -0           1
26	29	47
 0.898372  0.210488 -0.385516  0.891758
-0.221795  0.974971  0.015474  0.234179
 0.379124  0.071604  0.922571 -0.623061
       -0         0         0         1
24	26	47
 0.940867 -0.087713  0.327224 -0.358039
 0.215113  0.900874 -0.377031  0.647096
-0.261717  0.425126  0.866471  0.237544
        0         0         0         1
29	31	47
-0.229302  0.777565  0.585502 -0.105829
-0.837296  -0.46431  0.288705   3.02332
 0.496342 -0.424038   0.75752 -0.153107
        0         0         0         1
25	28	47
  0.96708  0.076626 -0.242662   1.26072
-0.140041  0.956457 -0.256081  0.717642
 0.212473  0.281634  0.935702  -0.20734
        0         0         0         1
29	32	47
-0.351071  0.861215  0.367503 -0.392908
-0.920748 -0.246175 -0.302688   3.45106
-0.170209 -0.444643  0.879387  0.492155
       -0        -0         0         1
31	32	47
 0.689074  -0.10581  0.716925  -0.05518
 0.096959   0.99385  0.053489 -0.271965
-0.718175  0.032655  0.695095  0.939281
       -0        -0         0         1
27	33	47
-0.930641 -0.312591  0.190246   3.38196
 0.328136 -0.482757  0.811956  0.500138
-0.161968  0.818066  0.551846  -0.65962
        0         0         0         1
28	33	47
-0.806251 -0.450003  0.384001   3.52626
 -0.58266  0.491805  -0.64702   2.31513
 0.102307 -0.745402 -0.658717   3.33743
        0         0         0         1
26	32	47
-0.953766  0.147196 -0.262038   3.35015
-0.283766 -0.728305  0.623738   1.64132
-0.099032  0.669257  0.736402  -1.20964
        0         0         0         1
29	33	47
-0.410406 -0.721407  0.557798   2.29955
-0.861736  0.106723 -0.496005   3.16097
 0.298291 -0.684238 -0.665462   3.27084
        0         0         0         1
30	33	47
-0.213548 -0.771586   0.59921   2.35266
 0.974479 -0.211677  0.074717  0.318219
 0.069189  0.599874  0.797098 -0.865045
       -0         0         0         1
24	29	47
 0.997027 -0.066431  0.039032 -0.174496
 0.076098  0.928361 -0.363807   0.77829
-0.012067  0.365695  0.930656 -0.253747
        0         0         0         1
27	34	47
-0.876683 -0.360484  0.318556    3.2849
 0.464565 -0.462443  0.755199  0.209289
-0.124923   0.81006  0.572885 -0.797598
        0         0         0         1
29	34	47
-0.915738  0.381942  -0.12468   1.76725
-0.298332 -0.438539  0.847751   1.04667
 0.269114  0.813514  0.515532  -0.88381
        0         0         0         1
28	35	47
-0.990787  0.120047  0.062683   2.45607
 -0.01678 -0.568108  0.822783  0.982709
 0.134383  0.814151  0.564889  -1.22894
        0         0         0         1
31	35	47
  -0.1899 -0.937829  0.290542   3.52167
-0.828739 -0.005558 -0.559608   3.55118
 0.526432 -0.347053  -0.77616   2.81422
        0         0         0         1
27	36	47
-0.360829 -0.245747  0.899673  0.982836
-0.931076   0.15063 -0.332278   2.78574
-0.053861 -0.957559 -0.283161     3.354
        0         0        -0         1
27	37	47
-0.653188 -0.451978  0.607504   2.39488
 0.754314 -0.318481  0.574091 -0.053091
-0.065997  0.833238  0.548961 -0.816693
        0         0         0         1
26	37	47
 0.974307  0.084485  -0.20878  0.620936
-0.219958  0.157614 -0.962692     2.978
-0.048427   0.98388  0.172148 -0.257043
        0         0         0         1
27	38	47
-0.983816 -0.037268 -0.175261   3.14464
-0.137715 -0.468482  0.872673  0.863867
 -0.11463  0.882686  0.455768 -0.836452
       -0         0         0         1
27	39	47
-0.467225 -0.479313   0.74294   1.65303
 0.881993  -0.19418  0.429398 -0.110674
-0.061552  0.855893  0.513477 -0.988732
        0         0         0         1
28	39	47
 0.978927 -0.182735  -0.09116  0.562035
 0.029006 -0.317452  0.947831  -0.06087
-0.202141 -0.930501 -0.305462   4.13959
        0         0         0         1
30	39	47
-0.653534  0.582728 -0.483034   3.03672
 0.734684  0.334911 -0.589978  0.645003
-0.182023 -0.740448 -0.646997   4.31861
        0         0         0         1
29	40	47
 0.576209  0.058263  0.815223  -1.44586
 0.789434  0.218574 -0.573602    1.1517
-0.211607  0.974079  0.079949  0.302812
        0         0         0         1
27	41	47
-0.614425 -0.380389  0.691221   2.20425
 0.783834  -0.19445   0.58974 -0.185154
-0.089923  0.904153  0.417637 -0.783297
        0         0         0         1
26	41	47
 0.982598 -0.082859  0.166242  0.352693
 0.071744  0.994836  0.071797  -0.31943
-0.171332 -0.058621  0.983468  0.224549
        0         0         0         1
29	42	47
 -0.87612 -0.190878 -0.442695   3.79894
 0.367032  0.331279 -0.869219   1.40236
 0.312571 -0.924023 -0.220182   3.40557
        0         0         0         1
29	44	47
-0.910836 0.215197 0.352232  1.77854
0.125761 -0.66809 0.733376 0.999647
0.393143 0.712282 0.581457 -1.16046
       0        0        0        1
27	45	47
-0.565316 -0.602119    0.5638   2.04005
 0.822799 -0.363153  0.437175   0.41702
-0.058485  0.711036  0.700719  -1.02383
        0         0         0         1
27	46	47
-0.840123  0.278717 -0.465306   3.66414
 -0.53832 -0.533428  0.652431   2.41582
-0.066364  0.798606  0.598184 -0.806055
        0         0         0         1
35	36	47
 0.928403  0.161478 -0.334652  0.609829
-0.160173   0.98658  0.031693  0.271241
 0.335279  0.024179  0.941808  -0.19715
        0         0         0         1
36	37	47
 0.936321  0.141697 -0.321287  0.584426
-0.153968  0.987991 -0.012973   0.25079
  0.31559  0.061615  0.946893  -0.34485
        0         0         0         1
34	35	47
 0.973148  0.106474 -0.204075  0.455611
-0.119311  0.991513 -0.051632  0.228275
 0.196845  0.074594  0.977593 -0.569639
        0         0         0         1
37	38	47
 0.924427    0.1497  -0.35075  0.725264
-0.158865  0.987297  0.002678   0.22079
 0.346695  0.053246  0.936465 -0.560779
       -0         0         0         1
33	34	47
 0.963516 -0.108997   0.24445  0.295948
 0.092657  0.992684  0.077413  0.003406
-0.251099 -0.051939  0.966567 -0.159297
        0         0         0         1
38	39	47
 0.899752    0.1537  -0.40844   0.52361
-0.158389  0.987119  0.022548  0.170668
 0.406644  0.044404  0.912507 -0.528723
        0         0         0         1
35	37	47
 0.730466  0.281779 -0.622109   1.28672
-0.302805  0.950113    0.0748  0.423996
 0.612151  0.133739  0.779349 -0.324193
        0         0         0         1
36	38	47
 0.824588  0.236391 -0.513978   1.09632
-0.253132  0.966666  0.038487  0.282906
 0.505943  0.098369  0.856939  -0.52814
       -0         0         0         1
37	39	47
 0.639687   0.28725 -0.712943   1.43937
-0.317761    0.9434  0.094992  0.347236
 0.699877   0.16578  0.694758 -0.862603
       -0         0         0         1
34	36	47
 0.830935  0.242307 -0.500834   1.09286
-0.286686  0.957947 -0.012181  0.494878
 0.476821  0.153703  0.865458 -0.628864
        0         0         0         1
38	40	47
  0.73479  0.218267 -0.642217  0.965708
-0.255319  0.966177  0.036247  0.243247
 0.628407  0.137336  0.765665 -0.576539
       -0         0         0         1
33	35	47
 0.958431 -0.098337  0.267845  0.402308
  0.09573  0.995146  0.022806  0.008171
-0.268787  0.003783  0.963192 -0.448201
        0         0         0         1
35	38	47
  0.44657  0.359009 -0.819565    2.1443
-0.407058  0.897211  0.171221  0.397376
 0.796793  0.257148  0.546805 -0.311825
        0         0         0         1
36	39	47
 0.500579  0.332894 -0.799126    1.8856
-0.363506  0.918613  0.154966  0.298941
 0.785674  0.212914  0.580848 -0.677621
       -0         0         0         1
37	40	47
  0.99643 -0.036828  0.075971 -0.075234
 0.042391  0.996433 -0.072972 -0.139819
-0.073012  0.075932  0.994436  0.231575
        0         0         0         1
34	37	47
 0.570771  0.352303  -0.74169   1.77303
-0.442588  0.892829  0.083498  0.591701
 0.691619  0.280605  0.665526 -0.623533
        0         0         0         1
38	41	47
 0.957348 -0.088329  0.275103 -0.167598
 0.108625  0.992306 -0.059405 -0.222669
 -0.26774  0.086755  0.959578  0.605564
        0         0         0         1
33	36	47
 0.105649 -0.413369  0.904414  0.599611
  0.45301  0.829652   0.32628 -0.951438
-0.885223  0.375237  0.274912   1.84075
        0         0         0         1
37	41	47
 0.989352  0.050141 -0.136634   0.45778
-0.064991  0.992188 -0.106486   0.21648
 0.130227  0.114232  0.984882 -0.432983
       -0         0         0         1
35	39	47
 0.119315  0.387901 -0.913945   2.71299
-0.443011  0.844606  0.300637   0.32974
 0.888541  0.369017  0.272619 -0.257016
        0         0         0         1
36	40	47
 0.983195 -0.054682  0.174175 -0.119893
 0.072422  0.992629 -0.097177 -0.029147
-0.167577  0.108158  0.979908  0.186375
        0         0         0         1
34	38	47
 0.353896  0.376992 -0.855941   2.35664
-0.478467  0.859321  0.180655  0.434387
 0.803633  0.345606  0.484489 -0.516593
        0         0         0         1
38	42	47
 0.977505  0.077115  -0.19631  0.390729
-0.086002  0.995602 -0.037144  0.094638
 0.192582  0.053191  0.979838 -0.199001
       -0         0         0         1
33	37	47
 0.590412 -0.327627  0.737614  0.205906
 0.345381  0.928558  0.135984 -0.319237
 -0.72947  0.174471  0.661387  0.754131
        0         0         0         1
37	42	47
-0.729632  0.235331 -0.642073     3.446
-0.284946  0.748903  0.598289 -0.426535
 0.621646  0.619487 -0.479367  0.851764
       -0         0        -0         1
35	40	47
-0.670344  0.231746 -0.704934   3.49388
-0.349218  0.739683  0.575252 -0.142772
  0.65474  0.631793 -0.414913  0.869436
       -0         0        -0         1
36	41	47
 0.590819 -0.250973  0.766776 -0.319458
 0.334338  0.941104  0.050417 -0.605278
-0.734269  0.226575  0.639932   1.43696
       -0        -0         0         1
34	39	47
 -0.30221  0.355652  -0.88441   3.36477
-0.490683  0.737392  0.464201  0.157121
 0.817251  0.574251 -0.048335 -0.056287
        0         0         0         1
38	43	47
-0.717529   0.30702 -0.625213   3.33828
-0.268156  0.706663  0.654768 -0.405021
 0.642841  0.637469 -0.424722  0.763285
       -0         0        -0         1
37	43	47
-0.921349  0.171459 -0.348881   3.45671
-0.161132  0.648301  0.744139 -0.611288
  0.35377  0.741827 -0.569684   1.12911
       -0         0        -0         1
35	41	47
 0.995906 -0.012852   0.08948 -0.186927
 0.022849   0.99349 -0.111608  0.057328
-0.087463  0.113196  0.989716  0.450532
        0         0         0         1
36	42	47
-0.945167  0.116475 -0.305111   3.12631
 0.144644 -0.688321 -0.710839    4.0223
-0.292809 -0.715994  0.633731   2.64604
        0        -0         0         1
34	40	47
-0.690983  0.285725 -0.664006   3.56575
-0.339173  0.683029  0.646864 -0.291949
 0.638361  0.672184 -0.375051  0.587161
        0         0         0         1
38	44	47
-0.903073  0.249103 -0.349866    3.1006
-0.163197  0.554485  0.816035 -0.549896
 0.397272  0.794037 -0.460088  0.982853
       -0         0        -0         1
39	40	47
 0.992508  0.050506 -0.111251  0.080735
-0.050554  0.998718  0.002398 -0.021647
 0.111229  0.003244  0.993789  0.059129
       -0         0         0         1
37	44	47
-0.982139  0.108888 -0.153447   3.19558
-0.076231   0.51532  0.853601 -0.718197
 0.172021  0.850052 -0.497815   1.23056
       -0         0        -0         1
35	42	47
 0.953965 -0.076179  0.290081 -0.072581
  0.10533  0.990692 -0.086221  0.054905
-0.280812  0.112806   0.95311  0.451155
        0         0         0         1
36	43	47
 0.990926 -0.063049  0.118707 -0.225452
    0.066  0.997597 -0.021088  -0.03313
-0.117092  0.028731  0.992705  0.043509
        0         0         0         1
34	41	47
   0.9527 -0.118866  0.279703  0.056495
  0.20143  0.936125 -0.288264  0.069421
-0.227573   0.33097  0.915789  0.145823
        0         0         0         1
33	39	47
-0.943019 -0.094793  0.318952   3.21216
 0.170823  0.684678  0.708545  -1.02718
-0.285545  0.722655 -0.629471   1.96511
        0         0         0         1
39	41	47
 0.717002  0.247682 -0.651584   1.31731
-0.270374  0.960383  0.067544  0.193472
   0.6425  0.127743  0.755563 -0.385984
       -0         0         0         1
38	45	47
 0.290931  0.619085 -0.729447   1.64796
-0.353785  0.777998  0.519187 -0.013652
 0.888929   0.10702  0.445366 -0.375446
       -0         0         0         1
37	45	47
 0.999724 -0.014822  0.018202  0.052383
 0.009325  0.962385  0.271529 -0.347569
-0.021542 -0.271284  0.962258  0.412753
       -0        -0        -0         1
35	43	47
 0.991268  0.040331  -0.12554  0.282776
 -0.04618  0.997962 -0.044031  0.232768
 0.123509  0.049444  0.991111 -0.046915
       -0         0         0         1
36	44	47
  0.82045  0.325845 -0.469773  0.829939
-0.244923   0.94279  0.226187  0.053463
 0.516599 -0.070517  0.853318 -0.310212
        0         0         0         1
39	42	47
 0.954497 -0.099799  0.281027  -0.07397
   0.1032  0.994657  0.002709  -0.16214
-0.279796  0.026416  0.959696  0.458227
       -0        -0         0         1
34	42	47
 0.999984 -0.002684  0.004953  0.342072
 0.003511    0.9845 -0.175351  0.250272
-0.004405  0.175366  0.984494 -0.168913
        0         0         0         1
33	40	47
-0.325795  0.338077 -0.882928    3.8625
-0.425732   0.78138  0.456287   0.31862
 0.844162  0.524546 -0.110639  -0.65777
        0         0         0         1
38	46	47
-0.925865 -0.217542   0.30895    2.4433
 0.146992   0.54587  0.824875 -0.963435
-0.348092  0.809136 -0.473425   2.19585
        0         0         0         1
37	46	47
-0.562231  0.504832 -0.655012   2.89384
-0.342246  0.579002  0.740016  -0.19804
 0.752838  0.640235 -0.152756   0.25198
       -0         0        -0         1
35	44	47
 0.849486  0.309504 -0.427295  0.668106
-0.222399  0.944455  0.241958  0.127938
 0.478448  -0.11051  0.871134 -0.138981
        0         0         0         1
36	45	47
-0.661079 -0.489843  0.568356   2.15484
 0.327572  0.493065  0.805967  -1.20637
-0.675034  0.718986 -0.165496    2.2803
        0         0         0         1
39	43	47
 0.991665 -0.059674  0.114194 -0.092898
 0.048483  0.993966  0.098389 -0.250131
-0.119376 -0.092032  0.988574  0.441573
       -0        -0        -0         1
34	43	47
 0.947447  0.144017 -0.285664  0.580644
-0.170461  0.982887 -0.069838  0.401453
 0.270718  0.114862  0.955782 -0.514019
        0         0         0         1
40	41	47
  0.87573  0.159484 -0.455699  0.800595
-0.173629   0.98475   0.01097  0.243848
 0.450499  0.069516  0.890066 -0.556255
        0         0         0         1
33	41	47
0.178504 -0.29797 0.937737 0.847434
0.450188 0.872171  0.19144 -0.77604
-0.87491 0.387985 0.289828  1.60816
       0        0        0        1
41	42	47
 0.924915  0.137124 -0.354582  0.526798
-0.123412  0.990472  0.061118  0.170096
 0.359585 -0.012769  0.933025 -0.621588
        0         0         0         1
35	45	47
   0.952287   -0.206712    0.224542 -0.00646299
   0.151233    0.958636    0.241132   -0.449682
  -0.265099   -0.195669    0.944159     1.08448
         -0          -0          -0           1
39	44	47
 0.816159  0.355544 -0.455491  0.850016
-0.224562  0.921487  0.316913 -0.109866
 0.532406 -0.156365  0.831922  0.011427
        0         0         0         1
40	42	47
  0.97267  0.069827 -0.221445  0.519213
-0.064202  0.997407  0.032505  0.112382
 0.223141 -0.017399  0.974631 -0.440411
        0         0         0         1
36	46	47
 0.985896 -0.094013  0.138455 -0.088716
 0.066057  0.978734  0.194206 -0.334153
-0.153769 -0.182321  0.971141  0.714339
       -0        -0        -0         1
34	44	47
 0.997356 -0.036256  0.062985  0.122342
 0.031547  0.996744  0.074208 -0.253053
-0.065471 -0.072025  0.995252  0.454024
        0         0         0         1
41	43	47
-0.813667  0.268935 -0.515384   3.20277
 0.183737  -0.72214 -0.666899   4.16264
-0.551532 -0.637329  0.538168   2.63757
        0        -0         0         1
39	45	47
-0.895431  0.290821 -0.337086   3.10819
-0.155747  0.504683   0.84914 -0.513907
 0.417069  0.812846 -0.406614  0.977731
       -0         0        -0         1
35	46	47
  0.97136  0.139075 -0.192663  0.296248
-0.104369  0.978138  0.179872  0.017735
 0.213466 -0.154613  0.964638  0.348163
        0         0         0         1
40	43	47
 0.986175  0.077263 -0.146597  0.144234
-0.061502   0.99212  0.109158 -0.069321
 0.153875 -0.098633  0.983155  0.023093
        0         0         0         1
42	43	47
  0.88112  0.190287 -0.432918  0.499828
-0.148116  0.980456  0.129493   0.10087
 0.449098 -0.049977  0.892084 -0.510365
        0         0         0         1
34	45	47
 0.999445  0.025875 -0.020991  0.300328
-0.022499  0.988789  0.147618 -0.130106
 0.024575 -0.147064  0.988822  0.255106
        0         0         0         1
41	44	47
-0.837974  0.324913 -0.438442   3.09516
 0.168214 -0.610517 -0.773933   4.13195
-0.519137 -0.722288  0.456943   2.90191
        0        -0         0         1
39	46	47
  0.06631  0.598195 -0.798603   2.27284
-0.370425  0.757925  0.536968 0.0581261
 0.926492  0.260216  0.271844 -0.235734
       -0         0         0         1
43	44	47
 0.909019  0.248137 -0.334832  0.432689
 -0.18444  0.959993  0.210704  0.020193
  0.37372 -0.129777  0.918418 -0.191931
        0         0         0         1
40	44	47
 -0.79672 -0.349878   0.49277   2.37767
 0.199094  0.617906  0.760627 -0.989031
-0.570612  0.704114  -0.42264   2.42762
        0         0         0         1
42	44	47
  0.543438   0.466832   -0.69767    1.14164
 -0.288475   0.884344   0.367038   0.064474
  0.788326 0.00179799   0.615255  -0.500379
        -0          0          0          1
41	45	47
-0.880543  0.315743 -0.353484   2.89529
 0.149629 -0.522475 -0.839423   4.15149
-0.449728  -0.79204  0.412817   2.85449
