0	0	1
0.8870108332	0.0770052375	-0.4552823028	0.6865047392
0.0000000000	-0.9859960371	-0.1667687467	4.1013556832
-0.4617486132	0.1479256850	-0.8745891664	-1.0324091141
0.0000000000	0.0000000000	0.0000000000	1.0000000000
1	1	2
0.8902364945	0.0768202538	-0.4489739775	0.6708537045
-0.0000000000	-0.9856758450	-0.1686509072	4.1074019684
-0.4554986101	0.1501391924	-0.8774846090	-1.0330821039
0.0000000000	0.0000000000	0.0000000000	1.0000000000
2	2	3
0.8934935591	0.0765793083	-0.4424984399	0.6549667035
-0.0000000000	-0.9853531102	-0.1705263856	4.1135273978
-0.4490760067	0.1523642272	-0.8804066574	-1.0336781489
0.0000000000	0.0000000000	0.0000000000	1.0000000000
3	3	4
0.8967763108	0.0762822236	-0.4358592327	0.6388510733
0.0000000000	-0.9850278354	-0.1723953698	4.1197295104
-0.4424841787	0.1546000837	-0.8833496283	-1.0341996417
0.0000000000	0.0000000000	0.0000000000	1.0000000000
4	4	5
0.9000790775	0.0759288633	-0.4290599748	0.6225141512
-0.0000000000	-0.9847000218	-0.1742580472	4.1260058452
-0.4357265820	0.1568460224	-0.8863078872	-1.0346489748
0.0000000000	0.0000000000	0.0000000000	1.0000000000
5	5	6
0.9033962394	0.0755191328	-0.4221043653	0.6059632743
0.0000000000	-0.9843696692	-0.1761146055	4.1323539415
-0.4288067568	0.1591012723	-0.8892758574	-1.0350285408
0.0000000000	0.0000000000	0.0000000000	1.0000000000
6	6	7
0.9067222370	0.0750529802	-0.4149961868	0.5892057801
0.0000000000	-0.9840367759	-0.1779652319	4.1387713381
-0.4217283306	0.1613650332	-0.8922480267	-1.0353407322
0.0000000000	0.0000000000	0.0000000000	1.0000000000
7	7	8
0.9100515790	0.0745303971	-0.4077393082	0.5722490056
0.0000000000	-0.9837013383	-0.1798101137	4.1452555741
-0.4144950224	0.1636364779	-0.8952189562	-1.0355879416
0.0000000000	0.0000000000	0.0000000000	1.0000000000
8	8	9
0.9133788498	0.0739514197	-0.4003376878	0.5551002881
-0.0000000000	-0.9833633518	-0.1816494378	4.1518041888
-0.4071106443	0.1659147545	-0.8981832873	-1.0357725615
0.0000000000	0.0000000000	0.0000000000	1.0000000000
9	9	10
0.9166987176	0.0733161292	-0.3927953747	0.5377669648
0.0000000000	-0.9830228101	-0.1834833911	4.1584147209
-0.3995791051	0.1681989893	-0.9011357494	-1.0358969845
0.0000000000	0.0000000000	0.0000000000	1.0000000000
10	10	11
0.9200059415	0.0726246531	-0.3851165113	0.5202563730
-0.0000000000	-0.9826797053	-0.1853121604	4.1650847098
-0.3919044112	0.1704882886	-0.9040711675	-1.0359636031
0.0000000000	0.0000000000	0.0000000000	1.0000000000
11	11	12
0.9232953795	0.0718771654	-0.3773053343	0.5025758499
-0.0000000000	-0.9823340282	-0.1871359320	4.1718116943
-0.3840906692	0.1727817414	-0.9069844694	-1.0359748099
0.0000000000	0.0000000000	0.0000000000	1.0000000000
12	12	13
0.9265619952	0.0710738875	-0.3693661756	0.4847327327
-0.0000000000	-0.9819857680	-0.1889548925	4.1785932136
-0.3761420864	0.1750784222	-0.9098706924	-1.0359329974
0.0000000000	0.0000000000	0.0000000000	1.0000000000
13	13	14
0.9298008651	0.0702150889	-0.3613034631	0.4667343587
0.0000000000	-0.9816349126	-0.1907692278	4.1854268068
-0.3680629718	0.1773773930	-0.9127249910	-1.0358405581
0.0000000000	0.0000000000	0.0000000000	1.0000000000
14	14	15
0.9330071861	0.0693010877	-0.3531217211	0.4485880650
0.0000000000	-0.9812814484	-0.1925791240	4.1923100128
-0.3598577367	0.1796777065	-0.9155426430	-1.0356998847
0.0000000000	0.0000000000	0.0000000000	1.0000000000
15	15	16
0.9361762815	0.0683322510	-0.3448255696	0.4303011889
-0.0000000000	-0.9809253603	-0.1943847667	4.1992403708
-0.3515308947	0.1819784081	-0.9183190562	-1.0355133697
0.0000000000	0.0000000000	0.0000000000	1.0000000000
16	16	17
0.9393036082	0.0673089954	-0.3364197241	0.4118810677
-0.0000000000	-0.9805666318	-0.1961863416	4.2062154198
-0.3430870613	0.1842785386	-0.9210497753	-1.0352834056
0.0000000000	0.0000000000	0.0000000000	1.0000000000
17	17	18
0.9423847629	0.0662317876	-0.3279089949	0.3933350385
-0.0000000000	-0.9802052450	-0.1979840340	4.2132326989
-0.3345309532	0.1865771369	-0.9237304874	-1.0350123849
0.0000000000	0.0000000000	0.0000000000	1.0000000000
18	18	19
0.9454154885	0.0651011443	-0.3192982855	0.3746704386
0.0000000000	-0.9798411806	-0.1997780290	4.2202897471
-0.3258673873	0.1888732428	-0.9263570284	-1.0347027003
0.0000000000	0.0000000000	0.0000000000	1.0000000000
19	19	20
0.9483916799	0.0639176329	-0.3105925911	0.3558946053
0.0000000000	-0.9794744178	-0.2015685115	4.2273841035
-0.3171012795	0.1911658992	-0.9289253886	-1.0343567443
0.0000000000	0.0000000000	0.0000000000	1.0000000000
20	20	21
0.9513093901	0.0626818711	-0.3017969968	0.3370148757
-0.0000000000	-0.9791049347	-0.2033556661	4.2345133071
-0.3082376425	0.1934541547	-0.9314317183	-1.0339769094
0.0000000000	0.0000000000	0.0000000000	1.0000000000
21	21	22
0.9541648355	0.0613945277	-0.2929166754	0.3180385870
-0.0000000000	-0.9787327075	-0.2051396774	4.2416748971
-0.2992815843	0.1957370665	-0.9338723328	-1.0335655882
0.0000000000	0.0000000000	0.0000000000	1.0000000000
22	22	23
0.9569544012	0.0600563219	-0.2839568844	0.2989730766
0.0000000000	-0.9783577115	-0.2069207295	4.2488664125
-0.2902383056	0.1980137028	-0.9362437180	-1.0331251732
0.0000000000	0.0000000000	0.0000000000	1.0000000000
23	23	24
0.9596746463	0.0586680240	-0.2749229641	0.2798256816
0.0000000000	-0.9779799204	-0.2086990064	4.2560853923
-0.2811130969	0.2002831452	-0.9385425342	-1.0326580570
0.0000000000	0.0000000000	0.0000000000	1.0000000000
24	24	25
0.9623223085	0.0572304546	-0.2658203334	0.2606037393
0.0000000000	-0.9775993065	-0.2104746919	4.2633293756
-0.2719113359	0.2025444914	-0.9407656214	-1.0321666321
0.0000000000	0.0000000000	0.0000000000	1.0000000000
25	25	26
0.9648943085	0.0557444850	-0.2566544873	0.2413145868
0.0000000000	-0.9772158408	-0.2122479693	4.2705959015
-0.2626384844	0.2047968576	-0.9429100030	-1.0316532911
0.0000000000	0.0000000000	0.0000000000	1.0000000000
26	26	27
0.9673877544	0.0542110363	-0.2474309927	0.2219655615
-0.0000000000	-0.9768294929	-0.2140190219	4.2778825090
-0.2533000841	0.2070393810	-0.9449728896	-1.0311204266
0.0000000000	0.0000000000	0.0000000000	1.0000000000
27	27	28
0.9697999456	0.0526310796	-0.2381554849	0.2025640005
-0.0000000000	-0.9764402311	-0.2157880327	4.2851867372
-0.2439017539	0.2092712224	-0.9469516830	-1.0305704310
0.0000000000	0.0000000000	0.0000000000	1.0000000000
28	28	29
0.9721283761	0.0510056357	-0.2288336634	0.1831172411
-0.0000000000	-0.9760480223	-0.2175551843	4.2925061251
-0.2344491850	0.2114915680	-0.9488439789	-1.0300056969
0.0000000000	0.0000000000	0.0000000000	1.0000000000
29	29	30
0.9743707382	0.0493357738	-0.2194712875	0.1636326206
-0.0000000000	-0.9756528320	-0.2193206591	4.2998382119
-0.2249481376	0.2136996325	-0.9506475701	-1.0294286170
0.0000000000	0.0000000000	0.0000000000	1.0000000000
30	30	31
0.9765249249	0.0476226120	-0.2100741721	0.1441174760
0.0000000000	-0.9752546243	-0.2210846392	4.3071805365
-0.2154044358	0.2158946607	-0.9523604488	-1.0288415836
0.0000000000	0.0000000000	0.0000000000	1.0000000000
31	31	32
0.9785890332	0.0458673159	-0.2006481831	0.1245791448
0.0000000000	-0.9748533623	-0.2228473065	4.3145306380
-0.2058239637	0.2180759303	-0.9539808093	-1.0282469895
0.0000000000	0.0000000000	0.0000000000	1.0000000000
32	32	33
0.9805613657	0.0440710986	-0.1911992323	0.1050249640
0.0000000000	-0.9744490073	-0.2246088426	4.3218860556
-0.1962126606	0.2202427534	-0.9555070494	-1.0276472271
0.0000000000	0.0000000000	0.0000000000	1.0000000000
33	33	34
0.9824404327	0.0422352193	-0.1817332730	0.0854622709
-0.0000000000	-0.9740415196	-0.2263694285	4.3292443282
-0.1865765158	0.2223944793	-0.9569377719	-1.0270446890
0.0000000000	0.0000000000	0.0000000000	1.0000000000
34	34	35
0.9842249540	0.0403609830	-0.1722562946	0.0658984028
0.0000000000	-0.9736308579	-0.2281292454	4.3366029949
-0.1769215645	0.2245304960	-0.9582717863	-1.0264417677
0.0000000000	0.0000000000	0.0000000000	1.0000000000
35	35	36
0.9859138598	0.0384497396	-0.1627743178	0.0463406969
-0.0000000000	-0.9732169797	-0.2298884738	4.3439595948
-0.1672538819	0.2266502325	-0.9595081089	-1.0258408558
0.0000000000	0.0000000000	0.0000000000	1.0000000000
36	36	37
0.9875062918	0.0365028831	-0.1532933895	0.0267964904
-0.0000000000	-0.9727998413	-0.2316472940	4.3513116669
-0.1575795791	0.2287531603	-0.9606459639	-1.0252443458
0.0000000000	0.0000000000	0.0000000000	1.0000000000
37	37	38
0.9890016031	0.0345218502	-0.1438195774	0.0072731206
0.0000000000	-0.9723793974	-0.2334058860	4.3586567503
-0.1479047971	0.2308387954	-0.9616847828	-1.0246546303
0.0000000000	0.0000000000	0.0000000000	1.0000000000
38	38	39
0.9903993592	0.0325081200	-0.1343589651	-0.0122220754
0.0000000000	-0.9719556014	-0.2351644295	4.3659923841
-0.1382357022	0.2329067002	-0.9626242048	-1.0240741019
0.0000000000	0.0000000000	0.0000000000	1.0000000000
39	39	40
0.9916993366	0.0304632128	-0.1249176465	-0.0316817603
0.0000000000	-0.9715284056	-0.2369231038	4.3733161073
-0.1285784809	0.2349564848	-0.9634640754	-1.0235051531
0.0000000000	0.0000000000	0.0000000000	1.0000000000
40	40	41
0.9929015232	0.0283886886	-0.1155017211	-0.0510985969
0.0000000000	-0.9710977608	-0.2386820878	4.3806254590
-0.1189393342	0.2369878086	-0.9642044458	-1.0229501764
0.0000000000	0.0000000000	0.0000000000	1.0000000000
41	41	42
0.9940061165	0.0262861469	-0.1061172886	-0.0704652479
0.0000000000	-0.9706636163	-0.2404415603	4.3879179783
-0.1093244733	0.2390003816	-0.9648455716	-1.0224115643
0.0000000000	0.0000000000	0.0000000000	1.0000000000
42	42	43
0.9950135224	0.0241572250	-0.0967704436	-0.0897743761
0.0000000000	-0.9702259205	-0.2422016995	4.3951912041
-0.0997401136	0.2409939662	-0.9653879106	-1.0218917096
0.0000000000	0.0000000000	0.0000000000	1.0000000000
43	43	44
0.9959243537	0.0220035972	-0.0874672709	-0.1090186443
0.0000000000	-0.9697846200	-0.2439626833	4.4024426756
-0.0901924707	0.2429683777	-0.9658321209	-1.0213930046
0.0000000000	0.0000000000	0.0000000000	1.0000000000
44	44	45
0.9967394275	0.0198269734	-0.0782138406	-0.1281907152
0.0000000000	-0.9693396603	-0.2457246893	4.4096699318
-0.0806877545	0.2449234861	-0.9661790581	-1.0209178420
0.0000000000	0.0000000000	0.0000000000	1.0000000000
45	45	46
0.9974597629	0.0176290986	-0.0690162029	-0.1472832517
-0.0000000000	-0.9688909856	-0.2474878946	4.4168705119
-0.0712321653	0.2468592167	-0.9664297728	-1.0204686142
0.0000000000	0.0000000000	0.0000000000	1.0000000000
46	46	47
0.9980865782	0.0154117513	-0.0598803837	-0.1662889165
-0.0000000000	-0.9684385387	-0.2492524760	4.4240419547
-0.0618318885	0.2487755509	-0.9665855073	-1.0200477139
0.0000000000	0.0000000000	0.0000000000	1.0000000000
47	47	48
0.9986212873	0.0131767425	-0.0508123801	-0.1852003723
0.0000000000	-0.9679822609	-0.2510186100	4.4311817995
-0.0524930902	0.2506725274	-0.9666476915	-1.0196575336
0.0000000000	0.0000000000	0.0000000000	1.0000000000
48	48	49
0.9990654965	0.0109259149	-0.0418181558	-0.2040102820
-0.0000000000	-0.9675220924	-0.2527864725	4.4382875853
-0.0432219131	0.2525502426	-0.9666179396	-1.0193004659
0.0000000000	0.0000000000	0.0000000000	1.0000000000
49	49	50
0.9994210000	0.0086611416	-0.0329036369	-0.2227113083
0.0000000000	-0.9670579720	-0.2545562391	4.4453568511
-0.0340244720	0.2544088510	-0.9664980454	-1.0189789032
0.0000000000	0.0000000000	0.0000000000	1.0000000000
50	50	51
0.9996897763	0.0063843251	-0.0240747080	-0.2412961140
0.0000000000	-0.9665898369	-0.2563280850	4.4523871359
-0.0249068499	0.2562485660	-0.9662899778	-1.0186952382
0.0000000000	0.0000000000	0.0000000000	1.0000000000
51	51	52
0.9998739827	0.0040973965	-0.0153372084	-0.2597573619
0.0000000000	-0.9661176233	-0.2581021851	4.4593759790
-0.0158750943	0.2580696597	-0.9659958758	-1.0184518634
0.0000000000	0.0000000000	0.0000000000	1.0000000000
52	52	53
0.9999759511	0.0018023144	-0.0066969285	-0.2780877146
0.0000000000	-0.9656412658	-0.2598787135	4.4663209192
-0.0069352137	0.2598724637	-0.9656180432	-1.0182511713
0.0000000000	0.0000000000	0.0000000000	1.0000000000
53	53	54
0.9999981820	-0.0004989360	0.0018403937	-0.2962798351
0.0000000000	-0.9651606978	-0.2616578443	4.4732194958
0.0019068262	0.2616573686	-0.9651589431	-1.0180955545
0.0000000000	0.0000000000	0.0000000000	1.0000000000
54	54	55
0.9999433393	-0.0028043438	0.0102690757	-0.3143263860
-0.0000000000	-0.9646758511	-0.2634397509	4.4800692477
0.0106451049	0.2634248242	-0.9646211918	-1.0179874056
0.0000000000	0.0000000000	0.0000000000	1.0000000000
55	55	56
0.9998142440	-0.0051118729	0.0185834929	-0.3322200302
0.0000000000	-0.9641866563	-0.2652246063	4.4868677139
0.0192737504	0.2651753392	-0.9640075529	-1.0179291171
0.0000000000	0.0000000000	0.0000000000	1.0000000000
56	56	57
0.9996138684	-0.0074194629	0.0267780819	-0.3499534303
0.0000000000	-0.9636930427	-0.2670125830	4.4936124337
0.0277869412	0.2669094810	-0.9633209304	-1.0179230815
0.0000000000	0.0000000000	0.0000000000	1.0000000000
57	57	58
0.9993453290	-0.0097250302	0.0348473422	-0.3675192493
0.0000000000	-0.9631949380	-0.2688038531	4.5003009459
0.0361789092	0.2686278750	-0.9625643622	-1.0179716914
0.0000000000	0.0000000000	0.0000000000	1.0000000000
58	58	59
0.9990118799	-0.0120264677	0.0427858386	-0.3849101498
0.0000000000	-0.9626922686	-0.2705985882	4.5069307898
0.0444439412	0.2703312043	-0.9617410130	-1.0180773394
0.0000000000	0.0000000000	0.0000000000	1.0000000000
59	59	60
0.9986169056	-0.0143216462	0.0505882025	-0.4021187946
0.0000000000	-0.9621849596	-0.2723969595	4.5134995043
0.0525763804	0.2720202088	-0.9608541670	-1.0182424180
0.0000000000	0.0000000000	0.0000000000	1.0000000000
60	60	61
0.9981639139	-0.0166084140	0.0582491338	-0.4191378465
-0.0000000000	-0.9616729345	-0.2741991374	4.5200046285
0.0605706282	0.2736956842	-0.9599072202	-1.0184693197
0.0000000000	0.0000000000	0.0000000000	1.0000000000
61	61	62
0.9976565275	-0.0188845980	0.0657634017	-0.4359599683
0.0000000000	-0.9611561157	-0.2760052922	4.5264437014
0.0684211447	0.2753584814	-0.9589036728	-1.0187604371
0.0000000000	0.0000000000	0.0000000000	1.0000000000
62	62	63
0.9970984769	-0.0211480035	0.0731258455	-0.4525778227
0.0000000000	-0.9606344237	-0.2778155934	4.5328142622
0.0761224496	0.2770095050	-0.9578471208	-1.0191181628
0.0000000000	0.0000000000	0.0000000000	1.0000000000
63	63	64
0.9964935915	-0.0233964143	0.0803313753	-0.4689840725
0.0000000000	-0.9601077781	-0.2796302100	4.5391138499
0.0836691225	0.2786497123	-0.9567412481	-1.0195448893
0.0000000000	0.0000000000	0.0000000000	1.0000000000
64	64	65
0.9958457917	-0.0256275930	0.0873749720	-0.4851713805
-0.0000000000	-0.9595760968	-0.2814493107	4.5453400036
0.0910558029	0.2802801116	-0.9555898178	-1.0200430092
0.0000000000	0.0000000000	0.0000000000	1.0000000000
65	65	66
0.9951590797	-0.0278392806	0.0942516870	-0.5011324094
0.0000000000	-0.9590392962	-0.2832730633	4.5514902622
0.0982771898	0.2819017609	-0.9543966634	-1.0206149149
0.0000000000	0.0000000000	0.0000000000	1.0000000000
66	66	67
0.9944375313	-0.0300291968	0.1009566422	-0.5168598221
0.0000000000	-0.9584972914	-0.2851016352	4.5575621649
0.1053280412	0.2835157663	-0.9531656802	-1.0212629991
0.0000000000	0.0000000000	0.0000000000	1.0000000000
67	67	68
0.9936852862	-0.0321950390	0.1074850287	-0.5323462812
0.0000000000	-0.9579499960	-0.2869351935	4.5635532508
0.1122031726	0.2851232798	-0.9519008159	-1.0219896543
0.0000000000	0.0000000000	0.0000000000	1.0000000000
68	68	69
0.9929065388	-0.0343344827	0.1138321063	-0.5475844496
0.0000000000	-0.9573973221	-0.2887739042	4.5694610588
0.1188974563	0.2867254977	-0.9506060613	-1.0227972731
0.0000000000	0.0000000000	0.0000000000	1.0000000000
69	69	70
0.9921055289	-0.0364451800	0.1199932015	-0.5625669900
0.0000000000	-0.9568391803	-0.2906179330	4.5752831282
0.1254058195	0.2883236582	-0.9492854410	-1.0236882480
0.0000000000	0.0000000000	0.0000000000	1.0000000000
70	70	71
0.9912865315	-0.0385247600	0.1259637063	-0.5772865653
0.0000000000	-0.9562754799	-0.2924674452	4.5810169978
0.1317232418	0.2899190393	-0.9479430037	-1.0246649715
0.0000000000	0.0000000000	0.0000000000	1.0000000000
71	71	72
0.9904538474	-0.0405708270	0.1317390759	-0.5917358381
-0.0000000000	-0.9557061286	-0.2943226051	4.5866602068
0.1378447537	0.2915129566	-0.9465828120	-1.0257298363
0.0000000000	0.0000000000	0.0000000000	1.0000000000
72	72	73
0.9896117927	-0.0425809602	0.1373148267	-0.6059074712
0.0000000000	-0.9551310324	-0.2961835765	4.5922102943
0.1437654333	0.2931067601	-0.9452089332	-1.0268852348
0.0000000000	0.0000000000	0.0000000000	1.0000000000
73	73	74
0.9887646883	-0.0445527125	0.1426865337	-0.6197941275
-0.0000000000	-0.9545500961	-0.2980505227	4.5976647992
0.1494804037	0.2947018322	-0.9438254283	-1.0281335596
0.0000000000	0.0000000000	0.0000000000	1.0000000000
74	74	75
0.9879168500	-0.0464836091	0.1478498277	-0.6333884697
0.0000000000	-0.9539632228	-0.2999236062	4.6030212607
0.1549848298	0.2962995843	-0.9424363421	-1.0294772033
0.0000000000	0.0000000000	0.0000000000	1.0000000000
75	75	76
0.9870725771	-0.0483711464	0.1528003921	-0.6466831605
0.0000000000	-0.9533703141	-0.3018029889	4.6082772179
0.1602739144	0.2979014540	-0.9410456929	-1.0309185584
0.0000000000	0.0000000000	0.0000000000	1.0000000000
76	76	77
0.9862361417	-0.0502127906	0.1575339599	-0.6596708627
0.0000000000	-0.9527712702	-0.3036888321	4.6134302097
0.1653428948	0.2995089020	-0.9396574614	-1.0324600174
0.0000000000	0.0000000000	0.0000000000	1.0000000000
77	77	78
0.9854117778	-0.0520059759	0.1620463102	-0.6723442392
0.0000000000	-0.9521659894	-0.3055812961	4.6184777753
0.1701870388	0.3011234083	-0.9382755804	-1.0341039730
0.0000000000	0.0000000000	0.0000000000	1.0000000000
78	78	79
0.9846036698	-0.0537481028	0.1663332641	-0.6846959526
0.0000000000	-0.9515543689	-0.3074805410	4.6234174537
0.1748016399	0.3027464691	-0.9369039236	-1.0358528176
0.0000000000	0.0000000000	0.0000000000	1.0000000000
79	79	80
0.9838159411	-0.0554365365	0.1703906816	-0.6967186657
0.0000000000	-0.9509363038	-0.3093867257	4.6282467839
0.1791820135	0.3043795927	-0.9355462947	-1.0377089439
0.0000000000	0.0000000000	0.0000000000	1.0000000000
80	80	81
0.9830526423	-0.0570686045	0.1742144567	-0.7084050414
0.0000000000	-0.9503116881	-0.3113000087	4.6329633051
0.1833234915	0.3060242961	-0.9342064160	-1.0396747443
0.0000000000	0.0000000000	0.0000000000	1.0000000000
81	81	82
0.9823177391	-0.0586415951	0.1778005139	-0.7197477424
0.0000000000	-0.9496804139	-0.3132205476	4.6375645563
0.1872214182	0.3076821001	-0.9328879171	-1.0417526114
0.0000000000	0.0000000000	0.0000000000	1.0000000000
82	82	83
0.9816151009	-0.0601527547	0.1811448035	-0.7307394314
-0.0000000000	-0.9490423718	-0.3151484992	4.6420480766
0.1908711443	0.3093545259	-0.9315943235	-1.0439449378
0.0000000000	0.0000000000	0.0000000000	1.0000000000
83	83	84
0.9809484876	-0.0615992855	0.1842432974	-0.7413727712
0.0000000000	-0.9483974507	-0.3170840197	4.6464114049
0.1942680226	0.3110430896	-0.9303290449	-1.0462541160
0.0000000000	0.0000000000	0.0000000000	1.0000000000
84	84	85
0.9803215378	-0.0629783435	0.1870919847	-0.7516404246
0.0000000000	-0.9477455379	-0.3190272644	4.6506520804
0.1974074023	0.3127492984	-0.9290953632	-1.0486825385
0.0000000000	0.0000000000	0.0000000000	1.0000000000
85	85	86
0.9797377555	-0.0642870355	0.1896868669	-0.7615350544
0.0000000000	-0.9470865191	-0.3209783877	4.6547676422
0.2002846235	0.3144746452	-0.9278964205	-1.0512325980
0.0000000000	0.0000000000	0.0000000000	1.0000000000
86	86	87
0.9792004974	-0.0655224168	0.1920239537	-0.7710493233
-0.0000000000	-0.9464202782	-0.3229375435	4.6587556293
0.2028950120	0.3162206032	-0.9267352072	-1.0539066870
0.0000000000	0.0000000000	0.0000000000	1.0000000000
87	87	88
0.9787129594	-0.0666814881	0.1940992585	-0.7801758942
0.0000000000	-0.9457466976	-0.3249048844	4.6626135807
0.2052338739	0.3179886209	-0.9256145493	-1.0567071980
0.0000000000	0.0000000000	0.0000000000	1.0000000000
88	88	89
0.9782781635	-0.0677611932	0.1959087937	-0.7889074297
0.0000000000	-0.9450656579	-0.3268805625	4.6663390355
0.2072964899	0.3197801164	-0.9245370963	-1.0596365235
0.0000000000	0.0000000000	0.0000000000	1.0000000000
89	89	90
0.9778989436	-0.0687584160	0.1974485664	-0.7972365927
0.0000000000	-0.9443770381	-0.3288647290	4.6699295328
0.2090781101	0.3215964711	-0.9235053079	-1.0626970562
0.0000000000	0.0000000000	0.0000000000	1.0000000000
90	90	91
0.9775779315	-0.0696699774	0.1987145744	-0.8051560459
0.0000000000	-0.9436807152	-0.3308575341	4.6733826117
0.2105739486	0.3234390238	-0.9225214415	-1.0658911885
0.0000000000	0.0000000000	0.0000000000	1.0000000000
91	91	92
0.9773175429	-0.0704926324	0.1997028020	-0.8126584521
-0.0000000000	-0.9429765647	-0.3328591270	4.6766958112
0.2117791783	0.3253090641	-0.9215875392	-1.0692213131
0.0000000000	0.0000000000	0.0000000000	1.0000000000
92	92	93
0.9771199624	-0.0712230675	0.2004092159	-0.8197364740
0.0000000000	-0.9422644604	-0.3348696563	4.6798666703
0.2126889258	0.3272078259	-0.9207054141	-1.0726898224
0.0000000000	0.0000000000	0.0000000000	1.0000000000
93	93	94
0.9769871286	-0.0718578972	0.2008297618	-0.8263827745
0.0000000000	-0.9415442742	-0.3368892693	4.6828927282
0.2132982668	0.3291364799	-0.9198766368	-1.0762991090
0.0000000000	0.0000000000	0.0000000000	1.0000000000
94	94	95
0.9769207189	-0.0723936617	0.2009603609	-0.8325900163
-0.0000000000	-0.9408158762	-0.3389181127	4.6857715238
0.2136022212	0.3310961263	-0.9191025222	-1.0800515655
0.0000000000	0.0000000000	0.0000000000	1.0000000000
95	95	96
0.9769221340	-0.0728268231	0.2007969070	-0.8383508622
-0.0000000000	-0.9400791349	-0.3409563318	4.6885005963
0.2135957491	0.3330877873	-0.9183841146	-1.0839495845
0.0000000000	0.0000000000	0.0000000000	1.0000000000
96	96	97
0.9769924816	-0.0731537634	0.2003352636	-0.8436579749
-0.0000000000	-0.9393339167	-0.3430040713	4.6910774847
0.2132737465	0.3351123988	-0.9177221743	-1.0879955584
0.0000000000	0.0000000000	0.0000000000	1.0000000000
97	97	98
0.9771325601	-0.0733707809	0.1995712619	-0.8485040173
0.0000000000	-0.9385800865	-0.3450614747	4.6934997281
0.2126310421	0.3371708021	-0.9171171627	-1.0921918799
0.0000000000	0.0000000000	0.0000000000	1.0000000000
98	98	99
0.9773428421	-0.0734740883	0.1985006986	-0.8528816520
0.0000000000	-0.9378175070	-0.3471286843	4.6957648655
0.2116623939	0.3392637349	-0.9165692277	-1.0965409414
0.0000000000	0.0000000000	0.0000000000	1.0000000000
99	99	100
0.9776234572	-0.0734598093	0.1971193352	-0.8567835419
0.0000000000	-0.9370460395	-0.3492058417	4.6978704360
0.2103624869	0.3413918223	-0.9160781887	-1.1010451355
0.0000000000	0.0000000000	0.0000000000	1.0000000000
100	100	101
0.9777832368	-0.0734099680	0.1963438782	-0.8584868368
0.0000000000	-0.9366721892	-0.3502073813	4.6988245760
0.2096185629	0.3424269068	-0.9158623650	-1.1032650286
0.0000000000	0.0000000000	0.0000000000	1.0000000000
101	101	102
0.9783057271	-0.0731499242	0.1938220650	-0.8625013820
0.0000000000	-0.9355865349	-0.3530974874	4.7013746509
0.2071663686	0.3454372942	-0.9152896654	-1.1096282322
0.0000000000	0.0000000000	0.0000000000	1.0000000000
102	102	103
0.9789299317	-0.0727249912	0.1908068774	-0.8653479011
0.0000000000	-0.9344280009	-0.3561520899	4.7037905659
0.2041964467	0.3486479410	-0.9147395391	-1.1161921327
0.0000000000	0.0000000000	0.0000000000	1.0000000000
103	103	104
0.9796493238	-0.0721303441	0.1873083441	-0.8670571688
0.0000000000	-0.9331975067	-0.3593639012	4.7060717591
0.2007167215	0.3520506028	-0.9142063064	-1.1229543075
0.0000000000	0.0000000000	0.0000000000	1.0000000000
104	104	105
0.9804566974	-0.0713608298	0.1833365660	-0.8676599596
0.0000000000	-0.9318959816	-0.3627256255	4.7082176691
0.1967350107	0.3556367689	-0.9136836565	-1.1299123340
0.0000000000	0.0000000000	0.0000000000	1.0000000000
105	105	106
0.9813442102	-0.0704110234	0.1789017296	-0.8671870482
0.0000000000	-0.9305243764	-0.3662299618	4.7102277341
0.1922590468	0.3593976526	-0.9131647093	-1.1370637895
0.0000000000	0.0000000000	0.0000000000	1.0000000000
106	106	107
0.9823034261	-0.0692752831	0.1740141206	-0.8656692091
0.0000000000	-0.9290836739	-0.3698696079	4.7121013925
0.1872965003	0.3633241830	-0.9126420761	-1.1444062513
0.0000000000	0.0000000000	0.0000000000	1.0000000000
107	107	108
0.9833253571	-0.0679478058	0.1686841363	-0.8631372170
0.0000000000	-0.9275748999	-0.3736372640	4.7138380826
0.1818550031	0.3674069960	-0.9121079197	-1.1519372969
0.0000000000	0.0000000000	0.0000000000	1.0000000000
108	108	109
0.9844005038	-0.0664226807	0.1629222992	-0.8596218464
0.0000000000	-0.9259991326	-0.3775256367	4.7154372429
0.1759421725	0.3716364269	-0.9115540127	-1.1596545035
0.0000000000	0.0000000000	0.0000000000	1.0000000000
109	109	110
0.9855188965	-0.0646939430	0.1567392686	-0.8551538720
0.0000000000	-0.9243575124	-0.3815274423	4.7168983117
0.1695656350	0.3760025039	-0.9109717957	-1.1675554485
0.0000000000	0.0000000000	0.0000000000	1.0000000000
110	110	111
0.9866701345	-0.0627556267	0.1501458523	-0.8497640684
0.0000000000	-0.9226512505	-0.3856354108	4.7182207273
0.1627330502	0.3804949426	-0.9103524334	-1.1756377093
0.0000000000	0.0000000000	0.0000000000	1.0000000000
111	111	112
0.9878434257	-0.0606018162	0.1431530165	-0.8434832101
0.0000000000	-0.9208816370	-0.3898422895	4.7194039281
0.1554521350	0.3851031428	-0.9096868709	-1.1838988631
0.0000000000	0.0000000000	0.0000000000	1.0000000000
112	112	113
0.9890276256	-0.0582266979	0.1357718948	-0.8363420717
0.0000000000	-0.9190500491	-0.3941408470	4.7204473525
0.1477306866	0.3898161860	-0.9089658879	-1.1923364874
0.0000000000	0.0000000000	0.0000000000	1.0000000000
113	113	114
0.9902112760	-0.0556246101	0.1280137950	-0.8283714279
0.0000000000	-0.9171579581	-0.3985238763	4.7213504388
0.1395766061	0.3946228360	-0.9081801519	-1.2009481595
0.0000000000	0.0000000000	0.0000000000	1.0000000000
114	114	115
0.9913826430	-0.0527900920	0.1198902053	-0.8196020533
0.0000000000	-0.9152069358	-0.4029841991	4.7221126253
0.1309979203	0.3995115404	-0.9073202709	-1.2097314568
0.0000000000	0.0000000000	0.0000000000	1.0000000000
115	115	116
0.9925297557	-0.0497179322	0.1114127971	-0.8100647225
0.0000000000	-0.9131986610	-0.4075146690	4.7227333505
0.1220028038	0.4044704349	-0.9063768439	-1.2186839565
0.0000000000	0.0000000000	0.0000000000	1.0000000000
116	116	117
0.9936404431	-0.0464032155	0.1025934276	-0.7997902100
-0.0000000000	-0.9111349250	-0.4121081756	4.7232120527
0.1125995994	0.4094873502	-0.9053405107	-1.2278032360
0.0000000000	0.0000000000	0.0000000000	1.0000000000
117	117	118
0.9947023726	-0.0428413683	0.0934441385	-0.7888092905
0.0000000000	-0.9090176364	-0.4167576475	4.7235481703
0.1027968378	0.4145498208	-0.9042019997	-1.2370868728
0.0000000000	0.0000000000	0.0000000000	1.0000000000
118	118	119
0.9957030867	-0.0390282032	0.0839771543	-0.7771527385
0.0000000000	-0.9068488257	-0.4214560563	4.7237411416
0.0926032564	0.4196450962	-0.9029521749	-1.2465324440
0.0000000000	0.0000000000	0.0000000000	1.0000000000
119	119	120
0.9966300404	-0.0349599617	0.0742048769	-0.7648513288
0.0000000000	-0.9046306494	-0.4261964197	4.7237904049
0.0820278164	0.4247601550	-0.9015820806	-1.2561375272
0.0000000000	0.0000000000	0.0000000000	1.0000000000
120	120	121
0.9974706379	-0.0306333548	0.0641398787	-0.7519358358
-0.0000000000	-0.9023653934	-0.4309718051	4.7236953987
0.0710797191	0.4298817214	-0.9000829846	-1.2658996996
0.0000000000	0.0000000000	0.0000000000	1.0000000000
121	121	122
0.9982122700	-0.0260456030	0.0537948936	-0.7384370342
0.0000000000	-0.9000554758	-0.4357753327	4.7234555613
0.0597684198	0.4349962840	-0.8984464196	-1.2758165385
0.0000000000	0.0000000000	0.0000000000	1.0000000000
122	122	123
0.9988423497	-0.0211944732	0.0431828052	-0.7243856985
-0.0000000000	-0.8977034492	-0.4406001785	4.7230703310
0.0481036418	0.4400901176	-0.8966642226	-1.2858856214
0.0000000000	0.0000000000	0.0000000000	1.0000000000
123	123	124
0.9993483492	-0.0160783139	0.0323166332	-0.7098126035
0.0000000000	-0.8953120030	-0.4454395776	4.7225391463
0.0360953870	0.4451493066	-0.8947285722	-1.2961045255
0.0000000000	0.0000000000	0.0000000000	1.0000000000
124	124	125
0.9997178352	-0.0106960890	0.0212095175	-0.6947485236
0.0000000000	-0.8928839641	-0.4502868270	4.7218614454
0.0237539461	0.4501597719	-0.8926320237	-1.3064708282
0.0000000000	0.0000000000	0.0000000000	1.0000000000
125	125	126
0.9999385051	-0.0050474079	0.0098747002	-0.6792242336
0.0000000000	-0.8904222985	-0.4551352879	4.7210366667
0.0110899067	0.4551072994	-0.8903675421	-1.3169821069
0.0000000000	0.0000000000	0.0000000000	1.0000000000
126	126	127
0.9999982218	0.0008674458	-0.0016744945	-0.6632705079
0.0000000000	-0.8879301111	-0.4599783885	4.7200642486
-0.0018858404	0.4599775706	-0.8879285321	-1.3276359390
0.0000000000	0.0000000000	0.0000000000	1.0000000000
127	127	128
0.9998850488	0.0070474885	-0.0134246819	-0.6469181212
0.0000000000	-0.8854106456	-0.4648096263	4.7189436295
-0.0151620968	0.4647561959	-0.8853088666	-1.3384299016
0.0000000000	0.0000000000	0.0000000000	1.0000000000
128	128	129
0.9995872844	0.0134910137	-0.0253624407	-0.6301978481
0.0000000000	-0.8828672843	-0.4696225701	4.7176742477
-0.0287273536	0.4694287495	-0.8825029112	-1.3493615723
0.0000000000	0.0000000000	0.0000000000	1.0000000000
129	129	130
0.9990934956	0.0201955712	-0.0374743380	-0.6131404632
-0.0000000000	-0.8803035467	-0.4744108616	4.7162555416
-0.0425697910	0.4739808060	-0.8795055477	-1.3604285284
0.0000000000	0.0000000000	0.0000000000	1.0000000000
130	130	131
0.9983925511	0.0271579507	-0.0497469563	-0.5957767411
0.0000000000	-0.8777230882	-0.4791682173	4.7146869494
-0.0566772790	0.4783979789	-0.8763121931	-1.3716283471
0.0000000000	0.0000000000	0.0000000000	1.0000000000
131	131	132
0.9974736541	0.0343741665	-0.0621669212	-0.5781374564
0.0000000000	-0.8751296976	-0.4838884297	4.7129679097
-0.0710373804	0.4826659601	-0.8729188173	-1.3829586059
0.0000000000	0.0000000000	0.0000000000	1.0000000000
132	132	133
0.9963263739	0.0418394464	-0.0747209307	-0.5602533837
0.0000000000	-0.8725272954	-0.4885653680	4.7110978607
-0.0856373561	0.4867705615	-0.8693219563	-1.3944168821
0.0000000000	0.0000000000	0.0000000000	1.0000000000
133	133	134
0.9949406768	0.0495482240	-0.0873957849	-0.5421552976
0.0000000000	-0.8699199303	-0.4931929793	4.7090762408
-0.1004641713	0.4906977566	-0.8655187242	-1.4060007530
0.0000000000	0.0000000000	0.0000000000	1.0000000000
134	134	135
0.9933069563	0.0574941332	-0.1001784172	-0.5238739727
0.0000000000	-0.8673117763	-0.4977652887	4.7069024884
-0.1155045048	0.4944337238	-0.8615068207	-1.4177077961
0.0000000000	0.0000000000	0.0000000000	1.0000000000
135	135	136
0.9914160620	0.0656700067	-0.1130559251	-0.5054401836
0.0000000000	-0.8647071290	-0.5022763991	4.7045760418
-0.1307447589	0.4979648897	-0.8572845366	-1.4295355885
0.0000000000	0.0000000000	0.0000000000	1.0000000000
136	136	137
0.9892593278	0.0740678775	-0.1260156017	-0.4868847049
0.0000000000	-0.8621104010	-0.5067204915	4.7020963394
-0.1461710722	0.5012779728	-0.8528507558	-1.4414817078
0.0000000000	0.0000000000	0.0000000000	1.0000000000
137	137	138
0.9868285985	0.0826789836	-0.1390449672	-0.4682383112
-0.0000000000	-0.8595261181	-0.5110918237	4.6994628195
-0.1617693334	0.5043600280	-0.8482049545	-1.4535437312
0.0000000000	0.0000000000	0.0000000000	1.0000000000
138	138	139
0.9841162555	0.0914937759	-0.1521318004	-0.4495317772
0.0000000000	-0.8569589141	-0.5153847296	4.6966749205
-0.1775251974	0.5071984902	-0.8433471977	-1.4657192360
0.0000000000	0.0000000000	0.0000000000	1.0000000000
139	139	140
0.9811152412	0.1005019292	-0.1652641693	-0.4307958773
-0.0000000000	-0.8544135255	-0.5195936177	4.6937320808
-0.1934241025	0.5097812175	-0.8382781321	-1.4780057997
0.0000000000	0.0000000000	0.0000000000	1.0000000000
140	140	141
0.9778190820	0.1096923569	-0.1784304617	-0.4120613863
0.0000000000	-0.8518947857	-0.5237129692	4.6906337387
-0.2094512899	0.5120965348	-0.8329989773	-1.4904009996
0.0000000000	0.0000000000	0.0000000000	1.0000000000
141	141	142
0.9742219095	0.1190532281	-0.1916194141	-0.3933590787
0.0000000000	-0.8494076197	-0.5277373359	4.6873793326
-0.2255918238	0.5141332751	-0.8275115132	-1.5029024130
0.0000000000	0.0000000000	0.0000000000	1.0000000000
142	142	143
0.9703184807	0.1285719878	-0.2048201405	-0.3747197291
0.0000000000	-0.8469570370	-0.5316613372	4.6839683008
-0.2418306143	0.5158808210	-0.8218180654	-1.5155076173
0.0000000000	0.0000000000	0.0000000000	1.0000000000
143	143	144
0.9661041961	0.1382353801	-0.2180221592	-0.3561741121
0.0000000000	-0.8445481256	-0.5354796575	4.6804000817
-0.2581524399	0.5173291441	-0.8159214879	-1.5282141898
0.0000000000	0.0000000000	0.0000000000	1.0000000000
144	144	145
0.9615751167	0.1480294744	-0.2312154183	-0.3377530024
0.0000000000	-0.8421860445	-0.5391870422	4.6766741137
-0.2745419730	0.5184688431	-0.8098251440	-1.5410197079
0.0000000000	0.0000000000	0.0000000000	1.0000000000
145	145	146
0.9567279786	0.1579396935	-0.2443903194	-0.3194871745
0.0000000000	-0.8398760167	-0.5427782941	4.6727898351
-0.2909838054	0.5192911801	-0.8035328837	-1.5539217489
0.0000000000	0.0000000000	0.0000000000	1.0000000000
146	146	147
0.9515602063	0.1679508449	-0.2575377399	-0.3014074030
0.0000000000	-0.8376233216	-0.5462482687	4.6687466842
-0.3074624754	0.5197881152	-0.7970490208	-1.5669178901
0.0000000000	0.0000000000	0.0000000000	1.0000000000
147	147	148
0.9460699243	0.1780471535	-0.2706490524	-0.2835444626
0.0000000000	-0.8354332869	-0.5495918696	4.6645440995
-0.3239624954	0.5199523384	-0.7903783065	-1.5800057090
0.0000000000	0.0000000000	0.0000000000	1.0000000000
148	148	149
0.9402559659	0.1882122976	-0.2837161426	-0.2659291278
0.0000000000	-0.8333112804	-0.5528040431	4.6601815193
-0.3404683811	0.5197772995	-0.7835259028	-1.5931827828
0.0000000000	0.0000000000	0.0000000000	1.0000000000
149	149	150
0.9341178817	0.1984294454	-0.2967314246	-0.2485921732
-0.0000000000	-0.8312627013	-0.5558797725	4.6556583819
-0.3569646806	0.5192572355	-0.7764973536	-1.6064466890
0.0000000000	0.0000000000	0.0000000000	1.0000000000
150	150	151
0.9276559441	0.2086812943	-0.3096878539	-0.2315643735
-0.0000000000	-0.8292929718	-0.5588140719	4.6509741258
-0.3734360045	0.5183871955	-0.7692985546	-1.6197950048
0.0000000000	0.0000000000	0.0000000000	1.0000000000
151	151	152
0.9208711519	0.2189501107	-0.3225789371	-0.2148765032
-0.0000000000	-0.8274075273	-0.5616019798	4.6461281892
-0.3898670564	0.5171630621	-0.7619357228	-1.6332253075
0.0000000000	0.0000000000	0.0000000000	1.0000000000
152	152	153
0.9137652315	0.2292177722	-0.3353987398	-0.1985593369
-0.0000000000	-0.8256118075	-0.5642385517	4.6411200105
-0.4062426636	0.5155815708	-0.7544153644	-1.6467351747
0.0000000000	0.0000000000	0.0000000000	1.0000000000
153	153	154
0.9063406367	0.2394658092	-0.3481418913	-0.1826436493
-0.0000000000	-0.8239112462	-0.5667188530	4.6359490281
-0.4225478083	0.5136403260	-0.7467442435	-1.6603221835
0.0000000000	0.0000000000	0.0000000000	1.0000000000
154	154	155
0.8986005464	0.2496754492	-0.3608035866	-0.1671602149
0.0000000000	-0.8223112614	-0.5690379507	4.6306146804
-0.4387676583	0.5113378135	-0.7389293488	-1.6739839114
0.0000000000	0.0000000000	0.0000000000	1.0000000000
155	155	156
0.8905488604	0.2598276595	-0.3733795852	-0.1521398084
-0.0000000000	-0.8208172446	-0.5711909059	4.6251164057
-0.4548875985	0.5086734103	-0.7309778618	-1.6877179357
0.0000000000	0.0000000000	0.0000000000	1.0000000000
156	156	157
0.8821901931	0.2699031920	-0.3858662076	-0.1376132044
-0.0000000000	-0.8194345505	-0.5731727641	4.6194536423
-0.4708932609	0.5056473915	-0.7228971243	-1.7015218337
0.0000000000	0.0000000000	0.0000000000	1.0000000000
157	157	158
0.8735298656	0.2798826270	-0.3982603283	-0.1236111774
0.0000000000	-0.8181684853	-0.5749785471	4.6136258287
-0.4867705558	0.5022609330	-0.7146946070	-1.7153931828
0.0000000000	0.0000000000	0.0000000000	1.0000000000
158	158	159
0.8645738953	0.2897464169	-0.4105593666	-0.1101645020
-0.0000000000	-0.8170242958	-0.5766032432	4.6076324031
-0.5025057011	0.4985161120	-0.7063778780	-1.7293295604
0.0000000000	0.0000000000	0.0000000000	1.0000000000
159	159	160
0.8553289845	0.2994749301	-0.4227612737	-0.0973039529
0.0000000000	-0.8160071573	-0.5780417972	4.6014728040
-0.5180852520	0.4944159033	-0.6979545732	-1.7433285437
0.0000000000	0.0000000000	0.0000000000	1.0000000000
160	160	161
0.8458025064	0.3090484931	-0.4348645180	-0.0850603047
0.0000000000	-0.8151221612	-0.5792891009	4.5951464697
-0.5334961295	0.4899641735	-0.6894323669	-1.7573877102
0.0000000000	0.0000000000	0.0000000000	1.0000000000
161	161	162
0.8360024901	0.3184474328	-0.4468680668	-0.0734643319
0.0000000000	-0.8143743026	-0.5803399824	4.5886528386
-0.5487256478	0.4851656704	-0.6808189449	-1.7715046371
0.0000000000	0.0000000000	0.0000000000	1.0000000000
162	162	163
0.8259376030	0.3276521170	-0.4587713659	-0.0625468092
0.0000000000	-0.8137684675	-0.5811891958	4.5819913490
-0.5637615417	0.4800260113	-0.6721219775	-1.7856769019
0.0000000000	0.0000000000	0.0000000000	1.0000000000
163	163	164
0.8156171328	0.3366429941	-0.4705743163	-0.0523385111
0.0000000000	-0.8133094187	-0.5818314098	4.5751614392
-0.5785919915	0.4745516662	-0.6633490962	-1.7999020819
0.0000000000	0.0000000000	0.0000000000	1.0000000000
164	164	165
0.8050509670	0.3454006306	-0.4822772490	-0.0428702123
-0.0000000000	-0.8130017824	-0.5822611972	4.5681625477
-0.5932056477	0.4687499399	-0.6545078711	-1.8141777543
0.0000000000	0.0000000000	0.0000000000	1.0000000000
165	165	166
0.7942495714	0.3539057479	-0.4938808965	-0.0341726874
0.0000000000	-0.8128500335	-0.5824730235	4.5609941128
-0.6075916543	0.4626289492	-0.6456057907	-1.8285014967
0.0000000000	0.0000000000	0.0000000000	1.0000000000
166	166	167
0.7832239671	0.3621392563	-0.5053863635	-0.0262767109
-0.0000000000	-0.8128584805	-0.5824612354	4.5536555729
-0.6217396701	0.4561975995	-0.6366502438	-1.8428708862
0.0000000000	0.0000000000	0.0000000000	1.0000000000
167	167	168
0.7719857069	0.3700822876	-0.5167950936	-0.0192130576
0.0000000000	-0.8130312503	-0.5822200495	4.5461463662
-0.6356398889	0.4494655564	-0.6276485045	-1.8572835004
0.0000000000	0.0000000000	0.0000000000	1.0000000000
168	168	169
0.7605468493	0.3777162253	-0.5281088364	-0.0130125019
-0.0000000000	-0.8133722720	-0.5817435407	4.5384659313
-0.6492830584	0.4424432170	-0.6186077188	-1.8717369164
0.0000000000	0.0000000000	0.0000000000	1.0000000000
169	169	170
0.7489199331	0.3850227330	-0.5393296106	-0.0077058184
0.0000000000	-0.8138852600	-0.5810256307	4.5306137064
-0.6626604966	0.4351416765	-0.6095348945	-1.8862287117
0.0000000000	0.0000000000	0.0000000000	1.0000000000
170	170	171
0.7371179496	0.3919837798	-0.5504596667	-0.0033237819
0.0000000000	-0.8145736967	-0.5800600768	4.5225891299
-0.6757641070	0.4275726945	-0.6004368931	-1.9007564636
0.0000000000	0.0000000000	0.0000000000	1.0000000000
171	171	172
0.7251543151	0.3985816639	-0.5615014484	0.0001028332
0.0000000000	-0.8154408145	-0.5788404600	4.5143916401
-0.6885863921	0.4197486573	-0.5913204253	-1.9153177495
0.0000000000	0.0000000000	0.0000000000	1.0000000000
172	172	173
0.7130428420	0.4047990334	-0.5724575513	0.0025432522
0.0000000000	-0.8164895769	-0.5773601742	4.5060206754
-0.7011204644	0.4116825394	-0.5821920484	-1.9299101466
0.0000000000	0.0000000000	0.0000000000	1.0000000000
173	173	174
0.7007977101	0.4106189048	-0.5833306821	0.0039667005
-0.0000000000	-0.8177226593	-0.5756124152	4.4974756742
-0.7133600561	0.4033878624	-0.5730581671	-1.9445312325
0.0000000000	0.0000000000	0.0000000000	1.0000000000
174	174	175
0.6884334368	0.4160246785	-0.5941236151	0.0043424035
-0.0000000000	-0.8191424279	-0.5735901698	4.4887560749
-0.7252995265	0.3948786519	-0.5639250368	-1.9591785843
0.0000000000	0.0000000000	0.0000000000	1.0000000000
175	175	176
0.6883545757	0.4160576467	-0.5941918989	0.0043413757
0.0000000000	-0.8191520443	-0.5735764364	4.4887001472
-0.7253743710	0.3948239645	-0.5638670579	-1.9592716723
0.0000000000	0.0000000000	0.0000000000	1.0000000000
176	176	177
0.6803002680	0.4193178327	-0.6011356757	0.0040721041
0.0000000000	-0.8201776272	-0.5721089581	4.4829174669
-0.7329335204	0.3892058775	-0.5579670596	-1.9687430340
0.0000000000	0.0000000000	0.0000000000	1.0000000000
177	177	178
0.6720447042	0.4224459539	-0.6081902100	0.0034794012
0.0000000000	-0.8213119818	-0.5704792972	4.4768551251
-0.7405105776	0.3833875905	-0.5519583679	-1.9783779060
