0	0	1
1.0000000000	0.0000000000	0.0000000000	1.5000000000
0.0000000000	1.0000000000	0.0000000000	1.5000000000
0.0000000000	0.0000000000	1.0000000000	-0.3000000000
0.0000000000	0.0000000000	0.0000000000	1.0000000000
1	1	2
0.9999840000	-0.0012103900	0.0054882100	1.4901500000
0.0012048700	0.9999990000	0.0010088800	1.4945300000
-0.0054894200	-0.0010022600	0.9999850000	-0.2961170000
0.0000000000	0.0000000000	0.0000000000	1.0000000000
2	2	3
0.9999510000	-0.0023159100	0.0096773100	1.4832700000
0.0022959000	0.9999960000	0.0020781600	1.4884200000
-0.0096820800	-0.0020558400	0.9999510000	-0.2917600000
0.0000000000	0.0000000000	0.0000000000	1.0000000000
3	3	4
0.9998910000	-0.0033810000	0.0143725000	1.4753400000
0.0033357500	0.9999900000	0.0031710300	1.4822900000
-0.0143831000	-0.0031227400	0.9998920000	-0.2874190000
0.0000000000	0.0000000000	0.0000000000	1.0000000000
4	4	5
0.9997980000	-0.0045217400	0.0196156000	1.4662600000
0.0044411800	0.9999820000	0.0041485300	1.4764500000
-0.0196340000	-0.0040605700	0.9998000000	-0.2828020000
0.0000000000	0.0000000000	0.0000000000	1.0000000000
5	5	6
0.9996830000	-0.0055525000	0.0246061000	1.4578400000
0.0054190800	0.9999710000	0.0054856300	1.4697600000
-0.0246358000	-0.0053505400	0.9996830000	-0.2783320000
0.0000000000	0.0000000000	0.0000000000	1.0000000000
6	6	7
0.9994990000	-0.0069325400	0.0309084000	1.4465800000
0.0067287600	0.9999560000	0.0066921600	1.4635400000
-0.0309534000	-0.0064808200	0.9995010000	-0.2745020000
0.0000000000	0.0000000000	0.0000000000	1.0000000000
7	7	8
0.9993020000	-0.0082137600	0.0364699000	1.4371200000
0.0079024300	0.9999320000	0.0086726500	1.4549300000
-0.0365386000	-0.0083783900	0.9992990000	-0.2698250000
0.0000000000	0.0000000000	0.0000000000	1.0000000000
8	8	9
0.9990590000	-0.0097401700	0.0422979000	1.4270100000
0.0093250600	0.9999080000	0.0100002000	1.4482300000
-0.0423913000	-0.0095963900	0.9990560000	-0.2655710000
0.0000000000	0.0000000000	0.0000000000	1.0000000000
9	9	10
0.9987820000	-0.0113477000	0.0480428000	1.4171700000
0.0108013000	0.9998760000	0.0116160000	1.4408400000
-0.0481686000	-0.0110829000	0.9987790000	-0.2612680000
0.0000000000	0.0000000000	0.0000000000	1.0000000000
10	10	11
0.9984530000	-0.0129634000	0.0541006000	1.4067100000
0.0122508000	0.9998360000	0.0134834000	1.4326500000
-0.0542664000	-0.0127997000	0.9984460000	-0.2570080000
0.0000000000	0.0000000000	0.0000000000	1.0000000000
11	11	12
0.9980820000	-0.0146943000	0.0601605000	1.3962500000
0.0138082000	0.9997920000	0.0151188000	1.4250100000
-0.0603701000	-0.0142591000	0.9980760000	-0.2526900000
0.0000000000	0.0000000000	0.0000000000	1.0000000000
12	12	13
0.9976870000	-0.0163007000	0.0660155000	1.3862900000
0.0152340000	0.9997480000	0.0166292000	1.4176100000
-0.0662698000	-0.0155850000	0.9976820000	-0.2485530000
0.0000000000	0.0000000000	0.0000000000	1.0000000000
13	13	14
0.9972090000	-0.0180397000	0.0724823000	1.3750700000
0.0167045000	0.9996820000	0.0189855000	1.4080600000
-0.0728016000	-0.0177216000	0.9971910000	-0.2445990000
0.0000000000	0.0000000000	0.0000000000	1.0000000000
14	14	15
0.9967000000	-0.0197729000	0.0787510000	1.3642700000
0.0181456000	0.9996100000	0.0213266000	1.3984900000
-0.0791418000	-0.0198272000	0.9966680000	-0.2407600000
0.0000000000	0.0000000000	0.0000000000	1.0000000000
15	15	16
0.9961280000	-0.0217648000	0.0852002000	1.3530300000
0.0198497000	0.9995340000	0.0232611000	1.3900200000
-0.0856667000	-0.0214798000	0.9960950000	-0.2368680000
0.0000000000	0.0000000000	0.0000000000	1.0000000000
16	16	17
0.9955150000	-0.0236395000	0.0916336000	1.3417600000
0.0214196000	0.9994570000	0.0251347000	1.3814600000
-0.0921779000	-0.0230591000	0.9954780000	-0.2334650000
0.0000000000	0.0000000000	0.0000000000	1.0000000000
17	17	18
0.9948820000	-0.0255664000	0.0977858000	1.3312200000
0.0230153000	0.9993700000	0.0271283000	1.3728900000
-0.0984175000	-0.0247389000	0.9948400000	-0.2294800000
0.0000000000	0.0000000000	0.0000000000	1.0000000000
18	18	19
0.9941300000	-0.0276798000	0.1046150000	1.3191300000
0.0247840000	0.9992780000	0.0288799000	1.3646900000
-0.1053390000	-0.0261175000	0.9940960000	-0.2257040000
0.0000000000	0.0000000000	0.0000000000	1.0000000000
19	19	20
0.9933510000	-0.0296141000	0.1112690000	1.3073700000
0.0263795000	0.9991920000	0.0304307000	1.3569000000
-0.1120800000	-0.0272931000	0.9933270000	-0.2222730000
0.0000000000	0.0000000000	0.0000000000	1.0000000000
20	20	21
0.9924850000	-0.0316820000	0.1182170000	1.2950600000
0.0280529000	0.9990900000	0.0322378000	1.3485100000
-0.1191310000	-0.0286792000	0.9924670000	-0.2185230000
0.0000000000	0.0000000000	0.0000000000	1.0000000000
21	21	22
0.9916270000	-0.0336952000	0.1246830000	1.2836500000
0.0296942000	0.9989900000	0.0338110000	1.3406800000
-0.1256960000	-0.0298255000	0.9916230000	-0.2151600000
0.0000000000	0.0000000000	0.0000000000	1.0000000000
22	22	23
0.9906380000	-0.0358466000	0.1317410000	1.2711600000
0.0313816000	0.9988690000	0.0358146000	1.3318700000
-0.1328750000	-0.0313450000	0.9906400000	-0.2111110000
0.0000000000	0.0000000000	0.0000000000	1.0000000000
23	23	24
0.9896100000	-0.0380554000	0.1386660000	1.2588500000
0.0331281000	0.9987450000	0.0376706000	1.3235800000
-0.1399250000	-0.0326855000	0.9896250000	-0.2072400000
0.0000000000	0.0000000000	0.0000000000	1.0000000000
24	24	25
0.9885180000	-0.0402785000	0.1456540000	1.2465300000
0.0348337000	0.9986070000	0.0397416000	1.3145800000
-0.1470520000	-0.0342115000	0.9885400000	-0.2030930000
0.0000000000	0.0000000000	0.0000000000	1.0000000000
25	25	26
0.9873460000	-0.0424924000	0.1528020000	1.2337200000
0.0365140000	0.9984660000	0.0417224000	1.3058400000
-0.1543400000	-0.0356149000	0.9873790000	-0.1990900000
0.0000000000	0.0000000000	0.0000000000	1.0000000000
26	26	27
0.9861740000	-0.0447011000	0.1595920000	1.2215900000
0.0381719000	0.9983170000	0.0437472000	1.2968500000
-0.1612780000	-0.0370503000	0.9862170000	-0.1954730000
0.0000000000	0.0000000000	0.0000000000	1.0000000000
27	27	28
0.9848680000	-0.0471292000	0.1667920000	1.2089100000
0.0399413000	0.9981380000	0.0461925000	1.2871500000
-0.1686580000	-0.0388315000	0.9849130000	-0.1908460000
0.0000000000	0.0000000000	0.0000000000	1.0000000000
28	28	29
0.9836380000	-0.0494408000	0.1732590000	1.1975800000
0.0416570000	0.9979700000	0.0482802000	1.2780700000
-0.1752930000	-0.0402727000	0.9836960000	-0.1870440000
0.0000000000	0.0000000000	0.0000000000	1.0000000000
29	29	30
0.9822840000	-0.0519444000	0.1800770000	1.1854100000
0.0435106000	0.9977820000	0.0504749000	1.2688000000
-0.1822990000	-0.0417452000	0.9823600000	-0.1833560000
0.0000000000	0.0000000000	0.0000000000	1.0000000000
30	30	31
0.9808930000	-0.0543604000	0.1868210000	1.1734100000
0.0452369000	0.9975870000	0.0527599000	1.2593900000
-0.1892370000	-0.0433005000	0.9809800000	-0.1795790000
0.0000000000	0.0000000000	0.0000000000	1.0000000000
31	31	32
0.9794410000	-0.0569226000	0.1935530000	1.1614300000
0.0470510000	0.9973700000	0.0552260000	1.2496700000
-0.1961870000	-0.0449836000	0.9795380000	-0.1757560000
0.0000000000	0.0000000000	0.0000000000	1.0000000000
32	32	33
0.9778190000	-0.0595030000	0.2008430000	1.1481500000
0.0488100000	0.9971400000	0.0577835000	1.2396500000
-0.2037060000	-0.0466985000	0.9779220000	-0.1720390000
0.0000000000	0.0000000000	0.0000000000	1.0000000000
33	33	34
0.9761840000	-0.0622618000	0.2078360000	1.1355700000
0.0506874000	0.9968810000	0.0605639000	1.2292700000
-0.2109570000	-0.0485867000	0.9762910000	-0.1682320000
0.0000000000	0.0000000000	0.0000000000	1.0000000000
34	34	35
0.9744250000	-0.0649661000	0.2151350000	1.1221400000
0.0524869000	0.9966230000	0.0632264000	1.2189400000
-0.2185150000	-0.0503175000	0.9745400000	-0.1648590000
0.0000000000	0.0000000000	0.0000000000	1.0000000000
35	35	36
0.9727100000	-0.0677030000	0.2219460000	1.1095500000
0.0544046000	0.9963730000	0.0655003000	1.2095800000
-0.2255740000	-0.0516377000	0.9728610000	-0.1619880000
0.0000000000	0.0000000000	0.0000000000	1.0000000000
36	36	37
0.9711490000	-0.0705693000	0.2278100000	1.0989900000
0.0562713000	0.9960560000	0.0686675000	1.1983000000
-0.2317570000	-0.0538669000	0.9712860000	-0.1592890000
0.0000000000	0.0000000000	0.0000000000	1.0000000000
37	37	38
0.9694270000	-0.0735986000	0.2340990000	1.0876400000
0.0582650000	0.9957230000	0.0717653000	1.1873600000
-0.2383790000	-0.0559312000	0.9695650000	-0.1557590000
0.0000000000	0.0000000000	0.0000000000	1.0000000000
38	38	39
0.9676870000	-0.0766704000	0.2402340000	1.0760700000
0.0603614000	0.9953950000	0.0745372000	1.1770700000
-0.2448410000	-0.0576275000	0.9678540000	-0.1531110000
0.0000000000	0.0000000000	0.0000000000	1.0000000000
39	39	40
0.9655490000	-0.0796779000	0.2477400000	1.0615400000
0.0623347000	0.9950780000	0.0770910000	1.1674400000
-0.2526620000	-0.0589920000	0.9657590000	-0.1496650000
0.0000000000	0.0000000000	0.0000000000	1.0000000000
40	40	41
0.9634420000	-0.0824583000	0.2549280000	1.0473400000
0.0641304000	0.9947820000	0.0794033000	1.1582700000
-0.2601440000	-0.0601515000	0.9636990000	-0.1472990000
0.0000000000	0.0000000000	0.0000000000	1.0000000000
41	41	42
0.9612210000	-0.0852993000	0.2622750000	1.0328100000
0.0658711000	0.9944570000	0.0820129000	1.1482800000
-0.2678150000	-0.0615559000	0.9615070000	-0.1444480000
0.0000000000	0.0000000000	0.0000000000	1.0000000000
42	42	43
0.9588830000	-0.0879342000	0.2698510000	1.0174300000
0.0675246000	0.9941790000	0.0840241000	1.1395400000
-0.2756670000	-0.0623474000	0.9592340000	-0.1422470000
0.0000000000	0.0000000000	0.0000000000	1.0000000000
43	43	44
0.9566820000	-0.0907097000	0.2766620000	1.0039400000
0.0690626000	0.9938150000	0.0870291000	1.1287500000
-0.2828440000	-0.0641518000	0.9570240000	-0.1394440000
0.0000000000	0.0000000000	0.0000000000	1.0000000000
44	44	45
0.9542380000	-0.0935166000	0.2840680000	0.9888230000
0.0707432000	0.9934850000	0.0894201000	1.1194300000
-0.2905780000	-0.0652318000	0.9546310000	-0.1370130000
0.0000000000	0.0000000000	0.0000000000	1.0000000000
45	45	46
0.9518470000	-0.0965627000	0.2909840000	0.9751960000
0.0724426000	0.9930730000	0.0925803000	1.1088400000
-0.2979060000	-0.0670424000	0.9522430000	-0.1336320000
0.0000000000	0.0000000000	0.0000000000	1.0000000000
46	46	47
0.9493720000	-0.0992782000	0.2980720000	0.9605590000
0.0739825000	0.9927300000	0.0950086000	1.0995400000
-0.3053350000	-0.0681461000	0.9498090000	-0.1315280000
0.0000000000	0.0000000000	0.0000000000	1.0000000000
47	47	48
0.9468410000	-0.1021080000	0.3050840000	0.9463240000
0.0754853000	0.9923410000	0.0978511000	1.0893600000
-0.3127370000	-0.0696198000	0.9472900000	-0.1287290000
0.0000000000	0.0000000000	0.0000000000	1.0000000000
48	48	49
0.9441470000	-0.1050320000	0.3123550000	0.9316130000
0.0770044000	0.9919300000	0.1007860000	1.0795200000
-0.3204180000	-0.0711040000	0.9446090000	-0.1251930000
0.0000000000	0.0000000000	0.0000000000	1.0000000000
49	49	50
0.9414560000	-0.1077940000	0.3194550000	0.9164680000
0.0785028000	0.9915610000	0.1032290000	1.0699800000
-0.3278840000	-0.0721071000	0.9419680000	-0.1234400000
0.0000000000	0.0000000000	0.0000000000	1.0000000000
50	50	51
0.9003470000	-0.1112660000	0.4207090000	0.6858808000
0.0734642000	0.9917470000	0.1050720000	1.0908112000
-0.4289280000	-0.0636945000	0.9010900000	0.0497092500
0.0000000000	0.0000000000	0.0000000000	1.0000000000
51	51	52
0.8967395847	-0.1141387502	0.4275874607	0.6707679949
0.0749006452	0.9913740665	0.1075522217	1.0816453538
-0.4361748940	-0.0644200912	0.8975526956	0.0538122418
0.0000000000	0.0000000000	0.0000000000	1.0000000000
52	52	53
0.8930762417	-0.1170292404	0.4344190238	0.6554607801
0.0763165048	0.9909886599	0.1100745494	1.0726469728
-0.4433865060	-0.0651519038	0.8939591328	0.0577223495
0.0000000000	0.0000000000	0.0000000000	1.0000000000
53	53	54
0.8896653650	-0.1197913303	0.4406206066	0.6412273366
0.0775263863	0.9905909190	0.1127771391	1.0629481302
-0.4499845531	-0.0661744675	0.8905809732	0.0607822142
0.0000000000	0.0000000000	0.0000000000	1.0000000000
54	54	55
0.8861613566	-0.1226163616	0.4468614734	0.6269600097
0.0788418481	0.9901912805	0.1153538379	1.0537125331
-0.4566224542	-0.0669910260	0.8871347855	0.0643632039
0.0000000000	0.0000000000	0.0000000000	1.0000000000
55	55	56
0.8825657812	-0.1256679289	0.4530865752	0.6127691122
0.0801837833	0.9897324603	0.1183230120	1.0440033125
-0.4633034793	-0.0680978394	0.8835802782	0.0684431556
0.0000000000	0.0000000000	0.0000000000	1.0000000000
56	56	57
0.8788835256	-0.1287299600	0.4593406767	0.5986029638
0.0815718542	0.9892750180	0.1211680355	1.0345008455
-0.4700116720	-0.0690236194	0.8799579023	0.0730301194
0.0000000000	0.0000000000	0.0000000000	1.0000000000
57	57	58
0.8756661034	-0.1318506573	0.4645714804	0.5857935122
0.0831389195	0.9888034422	0.1239261891	1.0246778879
-0.4757088309	-0.0698942813	0.8768223123	0.0752809146
0.0000000000	0.0000000000	0.0000000000	1.0000000000
58	58	59
0.8720854468	-0.1350387377	0.4703554786	0.5724191948
0.0844946786	0.9882880211	0.1270759637	1.0145652369
-0.4820064639	-0.0710787234	0.8732806783	0.0798168103
0.0000000000	0.0000000000	0.0000000000	1.0000000000
59	59	60
0.8686883958	-0.1380289858	0.4757430186	0.5591980454
0.0859778718	0.9878316980	0.1296111311	1.0054606248
-0.4878432492	-0.0716885723	0.8699836054	0.0829817496
0.0000000000	0.0000000000	0.0000000000	1.0000000000
60	60	61
0.8652026767	-0.1410656093	0.4811741631	0.5460999191
0.0872882519	0.9873330419	0.1325027944	0.9960867222
-0.4937698574	-0.0726410519	0.8665546893	0.0875478110
0.0000000000	0.0000000000	0.0000000000	1.0000000000
61	61	62
0.8619505667	-0.1443388485	0.4860149691	0.5337940716
0.0888012309	0.9867821268	0.1355693781	0.9859654741
-0.4991574177	-0.0736955887	0.8633732304	0.0907113571
0.0000000000	0.0000000000	0.0000000000	1.0000000000
62	62	63
0.8585751679	-0.1474600091	0.4910258279	0.5207835789
0.0901373352	0.9862435408	0.1385708016	0.9763127524
-0.5047035044	-0.0747139207	0.8600544977	0.0945509965
0.0000000000	0.0000000000	0.0000000000	1.0000000000
63	63	64
0.8552123196	-0.1506896468	0.4958899977	0.5081583433
0.0916960774	0.9856988295	0.1413926213	0.9669011108
-0.5101035162	-0.0754497275	0.8567985608	0.0983313612
0.0000000000	0.0000000000	0.0000000000	1.0000000000
64	64	65
0.8518459020	-0.1538338753	0.5006970372	0.4954330528
0.0930694914	0.9851439726	0.1443345721	0.9570854317
-0.5154611632	-0.0763514070	0.8535064597	0.1022754686
0.0000000000	0.0000000000	0.0000000000	1.0000000000
65	65	66
0.8483101509	-0.1568174362	0.5057488754	0.4823533440
0.0943286824	0.9846183517	0.1470797947	0.9482833318
-0.5210329487	-0.0770628351	0.8500519795	0.1072345769
0.0000000000	0.0000000000	0.0000000000	1.0000000000
66	66	67
0.8450722047	-0.1598078107	0.5102134991	0.4699072681
0.0956532160	0.9840809851	0.1497996597	0.9393226398
-0.5260290483	-0.0777882454	0.8469034738	0.1108154540
0.0000000000	0.0000000000	0.0000000000	1.0000000000
67	67	68
0.8418130963	-0.1624482304	0.5147481926	0.4572499480
0.0967487787	0.9836066411	0.1521923469	0.9311604443
-0.5310318492	-0.0783163960	0.8437271110	0.1149522934
0.0000000000	0.0000000000	0.0000000000	1.0000000000
68	68	69
0.8379977621	-0.1647632513	0.5202089028	0.4424723595
0.0977986733	0.9832406734	0.1538745499	0.9252936886
-0.5368416636	-0.0780709124	0.8400647470	0.1206969939
0.0000000000	0.0000000000	0.0000000000	1.0000000000
69	69	70
0.8345111679	-0.1671656472	0.5250247374	0.4286476808
0.0988406050	0.9828293244	0.1558246776	0.9185240767
-0.5420560521	-0.0781439010	0.8367032998	0.1251632077
0.0000000000	0.0000000000	0.0000000000	1.0000000000
70	70	71
0.8310710801	-0.1696392673	0.5296685745	0.4152294064
0.1000384873	0.9824123636	0.1576777665	0.9119457102
-0.5470994829	-0.0780542486	0.8334234837	0.1296992563
0.0000000000	0.0000000000	0.0000000000	1.0000000000
71	71	72
0.8274369632	-0.1723651489	0.5344575513	0.4016993603
0.1016078338	0.9819759050	0.1593853220	0.9061038697
-0.5522953965	-0.0775763141	0.8300340560	0.1352225916
0.0000000000	0.0000000000	0.0000000000	1.0000000000
72	72	73
0.8241941183	-0.1750474788	0.5385810718	0.3892800875
0.1029596685	0.9814994524	0.1614435649	0.8992437527
-0.5568751205	-0.0776087836	0.8269654793	0.1395925252
0.0000000000	0.0000000000	0.0000000000	1.0000000000
73	73	74
0.8200247138	-0.1773171448	0.5441737586	0.3756302738
0.1040120736	0.9811365781	0.1629632411	0.8961322783
-0.5628029066	-0.0770332626	0.8229974339	0.1501580849
0.0000000000	0.0000000000	0.0000000000	1.0000000000
74	74	75
0.8161966433	-0.1795565071	0.5491704153	0.3624282563
0.1053086038	0.9807981633	0.1641680777	0.8929078639
-0.5681006264	-0.0761612331	0.8194309418	0.1584968710
0.0000000000	0.0000000000	0.0000000000	1.0000000000
75	75	76
0.8123553504	-0.1821647112	0.5539871407	0.3506190064
0.1065393810	0.9803344539	0.1661314642	0.8889859238
-0.5733534322	-0.0759363749	0.8157845424	0.1686138808
0.0000000000	0.0000000000	0.0000000000	1.0000000000
76	76	77
0.8093406121	-0.1841510818	0.5577304012	0.3401929451
0.1072534123	0.9799516803	0.1679213254	0.8852477654
-0.5774703293	-0.0760870782	0.8128626525	0.1763501868
0.0000000000	0.0000000000	0.0000000000	1.0000000000
77	77	78
0.8072021933	-0.1863295195	0.5601015214	0.3316117854
0.1076163067	0.9794263806	0.1707336547	0.8786506706
-0.5803884354	-0.0775405584	0.8106441754	0.1814077708
0.0000000000	0.0000000000	0.0000000000	1.0000000000
78	78	79
0.8050584213	-0.1884230655	0.5624814551	0.3233899269
0.1077608917	0.9788917199	0.1736807398	0.8722354718
-0.5833318549	-0.0792095896	0.8083670282	0.1874139014
0.0000000000	0.0000000000	0.0000000000	1.0000000000
79	79	80
0.8027399986	-0.1904522968	0.5651052709	0.3148526013
0.1080375769	0.9783979820	0.1762720164	0.8671350103
-0.5864677111	-0.0804479845	0.8059720041	0.1940321539
0.0000000000	0.0000000000	0.0000000000	1.0000000000
80	80	81
0.8004255810	-0.1923558086	0.5677384169	0.3059810852
0.1083170823	0.9779405944	0.1786262581	0.8627071510
-0.5895713633	-0.0814813066	0.8036002634	0.2007169093
0.0000000000	0.0000000000	0.0000000000	1.0000000000
81	81	82
0.7980057297	-0.1943853673	0.5704457354	0.2968753652
0.1086858004	0.9774558829	0.1810363536	0.8581529580
-0.5927738035	-0.0824686843	0.8011396597	0.2077277204
0.0000000000	0.0000000000	0.0000000000	1.0000000000
82	82	83
0.7957563995	-0.1958654051	0.5730764373	0.2880800148
0.1084244901	0.9770486825	0.1833796596	0.8538276962
-0.5958381235	-0.0837900268	0.7987259447	0.2154059121
0.0000000000	0.0000000000	0.0000000000	1.0000000000
83	83	84
0.7936352737	-0.1976732946	0.5753923937	0.2797237759
0.1084781165	0.9765712797	0.1858731736	0.8490481382
-0.5986516673	-0.0850979340	0.7964816172	0.2226224364
0.0000000000	0.0000000000	0.0000000000	1.0000000000
84	84	85
0.7915811005	-0.1999898269	0.5774180526	0.2717195733
0.1090803220	0.9759997360	0.1885018350	0.8438196925
-0.6012563620	-0.0862295192	0.7943947994	0.2289856180
0.0000000000	0.0000000000	0.0000000000	1.0000000000
85	85	86
0.7895322760	-0.2013485328	0.5797467047	0.2633504813
0.1088665479	0.9756209562	0.1905771338	0.8402250285
-0.6039825909	-0.0873516938	0.7922010790	0.2374039169
0.0000000000	0.0000000000	0.0000000000	1.0000000000
86	86	87
0.7877038020	-0.2026001338	0.5817958842	0.2553219047
0.1084194345	0.9752309449	0.1928168160	0.8363176933
-0.6064471214	-0.0888044453	0.7901552955	0.2458539498
0.0000000000	0.0000000000	0.0000000000	1.0000000000
87	87	88
0.7858910942	-0.2037653872	0.5838365286	0.2473554098
0.1079620841	0.9748646699	0.1949135257	0.8327614015
-0.6088756481	-0.0901483524	0.7881323878	0.2544804319
0.0000000000	0.0000000000	0.0000000000	1.0000000000
88	88	89
0.7847044134	-0.2049267946	0.5850249052	0.2408444396
0.1074927776	0.9744652138	0.1971612411	0.8287618135
-0.6104864091	-0.0918272220	0.7866917635	0.2619829716
0.0000000000	0.0000000000	0.0000000000	1.0000000000
89	89	90
0.7835244334	-0.2060489324	0.5862110013	0.2344317688
0.1070408455	0.9740769028	0.1993116609	0.8250639189
-0.6120801292	-0.0934168577	0.7852646589	0.2696152929
0.0000000000	0.0000000000	0.0000000000	1.0000000000
90	90	91
0.7826895792	-0.2072764634	0.5868925730	0.2288932204
0.1068005904	0.9736648520	0.2014445277	0.8212912157
-0.6131882587	-0.0949879223	0.7842116590	0.2764398257
0.0000000000	0.0000000000	0.0000000000	1.0000000000
91	91	92
0.7816604203	-0.2086976502	0.5877600970	0.2229742772
0.1066189555	0.9732006322	0.2037657554	0.8171543345
-0.6145310081	-0.0966090880	0.7829610949	0.2832824481
0.0000000000	0.0000000000	0.0000000000	1.0000000000
92	92	93
0.7808561021	-0.2098934016	0.5884029191	0.2176523032
0.1063332212	0.9727832348	0.2058969375	0.8135127934
-0.6156014812	-0.0982090156	0.7819197245	0.2903579031
0.0000000000	0.0000000000	0.0000000000	1.0000000000
93	93	94
0.7804943443	-0.2112590304	0.5883936807	0.2135001213
0.1063580349	0.9723282882	0.2080263079	0.8097221096
-0.6160558334	-0.0997828478	0.7813627871	0.2962076534
0.0000000000	0.0000000000	0.0000000000	1.0000000000
94	94	95
0.7804530522	-0.2128271342	0.5878830089	0.2102849581
0.1068359039	0.9718506939	0.2100010192	0.8062584384
-0.6160256908	-0.1010887128	0.7812189134	0.3012732739
0.0000000000	0.0000000000	0.0000000000	1.0000000000
95	95	96
0.7802791902	-0.2142446387	0.5876000617	0.2068529185
0.1069621395	0.9713730040	0.2121369212	0.8027885397
-0.6162244706	-0.1026748475	0.7808555919	0.3072487874
0.0000000000	0.0000000000	0.0000000000	1.0000000000
96	96	97
0.7804293827	-0.2158256396	0.5868206945	0.2041907303
0.1073826179	0.9708606906	0.2142601642	0.7991437979
-0.6159607546	-0.1042004753	0.7808609107	0.3122970778
0.0000000000	0.0000000000	0.0000000000	1.0000000000
97	97	98
0.7805831993	-0.2173061291	0.5860710692	0.2015662013
0.1076058068	0.9703448957	0.2164712080	0.7955221868
-0.6157278845	-0.1059087929	0.7808154709	0.3177967389
0.0000000000	0.0000000000	0.0000000000	1.0000000000
98	98	99
0.7808502700	-0.2187977416	0.5851585337	0.1992382008
0.1078180901	0.9698101876	0.2187490510	0.7918661738
-0.6153524108	-0.1077194678	0.7808638274	0.3233417480
0.0000000000	0.0000000000	0.0000000000	1.0000000000
99	99	100
0.7813731024	-0.2197743325	0.5840932082	0.1965636821
0.1080947956	0.9694575699	0.2201706818	0.7900506515
-0.6146388692	-0.1088976946	0.7812631412	0.3272203307
0.0000000000	0.0000000000	0.0000000000	1.0000000000
100	100	101
0.7842840000	-0.2184870000	0.5806570000	0.2064574000
0.1061940000	0.9694000000	0.2213270000	0.7875219000
-0.6112460000	-0.1119210000	0.7834870000	0.3236834000
0.0000000000	0.0000000000	0.0000000000	1.0000000000
101	101	102
0.7860274930	-0.2200228575	0.5777120272	0.2061428678
0.1059635478	0.9686412195	0.2247359682	0.7823198146
-0.6090424353	-0.1154323857	0.7846925344	0.3308832611
0.0000000000	0.0000000000	0.0000000000	1.0000000000
102	102	103
0.7888650175	-0.2215539311	0.5732425331	0.2083570938
0.1065778541	0.9679429878	0.2274360953	0.7779883243
-0.6052556470	-0.1183214495	0.7871885934	0.3328245458
0.0000000000	0.0000000000	0.0000000000	1.0000000000
103	103	104
0.7917093774	-0.2226217979	0.5688909052	0.2109712829
0.1067718677	0.9673282372	0.2299488930	0.7749148981
-0.6014954791	-0.1213112817	0.7896119278	0.3358575077
0.0000000000	0.0000000000	0.0000000000	1.0000000000
104	104	105
0.7944229581	-0.2236430041	0.5646926171	0.2134463127
0.1068297929	0.9666959607	0.2325637109	0.7722593214
-0.5978973078	-0.1244278484	0.7918570619	0.3400115120
0.0000000000	0.0000000000	0.0000000000	1.0000000000
105	105	106
0.7978210679	-0.2247252029	0.5594481498	0.2183144171
0.1068802070	0.9659561450	0.2355955628	0.7687476868
-0.5933468731	-0.1281691643	0.7946780447	0.3428009938
0.0000000000	0.0000000000	0.0000000000	1.0000000000
106	106	107
0.8013474817	-0.2257160433	0.5539813565	0.2243649218
0.1069417112	0.9652170254	0.2385775459	0.7662878060
-0.5885628099	-0.1319398386	0.7976127912	0.3462269248
0.0000000000	0.0000000000	0.0000000000	1.0000000000
107	107	108
0.8047573631	-0.2266008397	0.5486527742	0.2302907351
0.1067296222	0.9644438864	0.2417787966	0.7637792134
-0.5839316287	-0.1360156177	0.8003282832	0.3503678440
0.0000000000	0.0000000000	0.0000000000	1.0000000000
108	108	109
0.8085041057	-0.2274187156	0.5427741366	0.2371599057
0.1065069933	0.9636292471	0.2451037102	0.7609271200
-0.5787735313	-0.1403581181	0.8033194955	0.3537126549
0.0000000000	0.0000000000	0.0000000000	1.0000000000
109	109	110
0.8123864757	-0.2282327633	0.5366002544	0.2446954516
0.1063643895	0.9627826882	0.2484706213	0.7580563646
-0.5733375285	-0.1447790605	0.8064270347	0.3568458415
0.0000000000	0.0000000000	0.0000000000	1.0000000000
110	110	111
0.8167514022	-0.2287774016	0.5296986214	0.2541475150
0.1057031468	0.9618259476	0.2524278503	0.7546721739
-0.5672268633	-0.1501799145	0.8097540030	0.3601893680
0.0000000000	0.0000000000	0.0000000000	1.0000000000
111	111	112
0.8214649138	-0.2290876754	0.5222221678	0.2643780692
0.1053084032	0.9609517855	0.2558966086	0.7521998613
-0.5604524881	-0.1552158131	0.8135122296	0.3621380286
0.0000000000	0.0000000000	0.0000000000	1.0000000000
112	112	113
0.8255256541	-0.2293314487	0.5156715235	0.2739500900
0.1042732865	0.9599658541	0.2599907723	0.7503865999
-0.5546498354	-0.1608582008	0.8163885061	0.3679533974
0.0000000000	0.0000000000	0.0000000000	1.0000000000
113	113	114
0.8298434643	-0.2291134402	0.5087923468	0.2838462781
0.1028922193	0.9590113230	0.2640324892	0.7488903831
-0.5484302021	-0.1667548191	0.8194018268	0.3732909019
0.0000000000	0.0000000000	0.0000000000	1.0000000000
114	114	115
0.8353345297	-0.2290774474	0.4997429925	0.2973464759
0.1024882483	0.9580025482	0.2678264568	0.7467056536
-0.5401067899	-0.1725068349	0.8237284580	0.3739387240
0.0000000000	0.0000000000	0.0000000000	1.0000000000
115	115	116
0.8401717637	-0.2285608156	0.4918078885	0.3100021766
0.1012167353	0.9570063064	0.2718424384	0.7460892713
-0.5327942913	-0.1786150278	0.8271818971	0.3786507418
0.0000000000	0.0000000000	0.0000000000	1.0000000000
116	116	117
0.8455101813	-0.2279146327	0.4828781636	0.3239300100
0.1002437405	0.9560045291	0.2757009278	0.7450675913
-0.5244678461	-0.1847024156	0.8311565836	0.3812108813
0.0000000000	0.0000000000	0.0000000000	1.0000000000
117	117	118
0.8507972149	-0.2271258117	0.4738788936	0.3383669976
0.0989292435	0.9548778293	0.2800460541	0.7440499096
-0.5161014254	-0.1913818681	0.8348743111	0.3848667265
0.0000000000	0.0000000000	0.0000000000	1.0000000000
118	118	119
0.8562471611	-0.2261875828	0.4644181088	0.3535549638
0.0976966121	0.9537253063	0.2843726752	0.7427727089
-0.5072483540	-0.1981209761	0.8387197717	0.3879359352
0.0000000000	0.0000000000	0.0000000000	1.0000000000
119	119	120
0.8616913368	-0.2251094155	0.4547719265	0.3693398835
0.0964846621	0.9525512578	0.2886887078	0.7417876889
-0.4981798694	-0.2048818994	0.8425218314	0.3912983299
0.0000000000	0.0000000000	0.0000000000	1.0000000000
120	120	121
0.8671001358	-0.2237208491	0.4450750819	0.3854456346
0.0951189445	0.9513987005	0.2929153227	0.7415364028
-0.4889740826	-0.2116516191	0.8462335359	0.3951180542
0.0000000000	0.0000000000	0.0000000000	1.0000000000
121	121	122
0.8725247331	-0.2219381468	0.4352561541	0.4015891464
0.0935521147	0.9502832679	0.2970123090	0.7413184871
-0.4795342928	-0.2184313892	0.8499051360	0.3987957062
0.0000000000	0.0000000000	0.0000000000	1.0000000000
122	122	123
0.8780070412	-0.2199990156	0.4250986404	0.4182987973
0.0921252618	0.9491841910	0.3009469982	0.7419986760
-0.4697032916	-0.2250710823	0.8536539844	0.4021778749
0.0000000000	0.0000000000	0.0000000000	1.0000000000
123	123	124
0.8837238623	-0.2176279575	0.4143378584	0.4360732333
0.0904748606	0.9480530760	0.3049862444	0.7424802443
-0.4591865026	-0.2320362565	0.8575025796	0.4049776288
0.0000000000	0.0000000000	0.0000000000	1.0000000000
124	124	125
0.8893708532	-0.2148708468	0.4035531462	0.4539050073
0.0887436762	0.9470270761	0.3086609045	0.7441414672
-0.4484968623	-0.2387016541	0.8613225695	0.4078759379
0.0000000000	0.0000000000	0.0000000000	1.0000000000
125	125	126
0.8950440595	-0.2118194328	0.3924731128	0.4722386464
0.0867790522	0.9459128284	0.3126096879	0.7453992928
-0.4374607652	-0.2457409667	0.8650108524	0.4108573006
0.0000000000	0.0000000000	0.0000000000	1.0000000000
126	126	127
0.9004840443	-0.2087887797	0.3814996619	0.4905569907
0.0849224088	0.9447543829	0.3165985919	0.7472003153
-0.4265235561	-0.2526936956	0.8684633080	0.4147314115
0.0000000000	0.0000000000	0.0000000000	1.0000000000
127	127	128
0.9059892741	-0.2053636736	0.3701548449	0.5095159920
0.0827982784	0.9435209070	0.3208115062	0.7483855972
-0.4151302868	-0.2600030807	0.8718201101	0.4186334469
0.0000000000	0.0000000000	0.0000000000	1.0000000000
128	128	129
0.9113959593	-0.2018751996	0.3586237036	0.5287090038
0.0808537075	0.9422757449	0.3249411092	0.7496845383
-0.4035181510	-0.2671531888	0.8751049638	0.4223483246
0.0000000000	0.0000000000	0.0000000000	1.0000000000
129	129	130
0.9167390891	-0.1982553747	0.3468285101	0.5484430255
0.0789397896	0.9409531796	0.3292163475	0.7510860562
-0.3916174085	-0.2744260027	0.8782546408	0.4264316270
0.0000000000	0.0000000000	0.0000000000	1.0000000000
130	130	131
0.9221526900	-0.1938201391	0.3347745558	0.5682168809
0.0766320213	0.9398052379	0.3330184246	0.7534071695
-0.3791662418	-0.2814385985	0.8814923531	0.4296460430
0.0000000000	0.0000000000	0.0000000000	1.0000000000
131	131	132
0.9274931724	-0.1890509896	0.3225254184	0.5882542605
0.0742306506	0.9386712533	0.3367412715	0.7560905638
-0.3664047018	-0.2883835206	0.8846392792	0.4328034438
0.0000000000	0.0000000000	0.0000000000	1.0000000000
132	132	133
0.9328169854	-0.1840115275	0.3098351639	0.6089157491
0.0717901433	0.9374608418	0.3406181748	0.7582187768
-0.3531347409	-0.2954905939	0.8876854259	0.4358308178
0.0000000000	0.0000000000	0.0000000000	1.0000000000
133	133	134
0.9380085044	-0.1788302985	0.2969286065	0.6299090245
0.0693563257	0.9361488919	0.3447079741	0.7600704718
-0.3396129102	-0.3027442487	0.8905139278	0.4391213432
0.0000000000	0.0000000000	0.0000000000	1.0000000000
134	134	135
0.9430178669	-0.1735487869	0.2839080953	0.6509492927
0.0670318356	0.9348088475	0.3487800619	0.7619037543
-0.3259295282	-0.3098741129	0.8931702356	0.4425180459
0.0000000000	0.0000000000	0.0000000000	1.0000000000
135	135	136
0.9479095060	-0.1679084661	0.2707041614	0.6721880515
0.0645766782	0.9334504533	0.3528591403	0.7637809655
-0.3119356407	-0.3169966812	0.8956643943	0.4459971015
0.0000000000	0.0000000000	0.0000000000	1.0000000000
136	136	137
0.9527597386	-0.1616628652	0.2571390473	0.6937152544
0.0619196825	0.9321937056	0.3566374294	0.7663998754
-0.2973575506	-0.3238664782	0.8981614818	0.4489935135
0.0000000000	0.0000000000	0.0000000000	1.0000000000
137	137	138
0.9574519706	-0.1550282232	0.2434321448	0.7153249258
0.0591715060	0.9310106103	0.3601760316	0.7695790788
-0.2824745098	-0.3304468009	0.9005658805	0.4517677213
0.0000000000	0.0000000000	0.0000000000	1.0000000000
138	138	139
0.9618918293	-0.1482176160	0.2297889674	0.7368063948
0.0563984348	0.9298262219	0.3636648943	0.7728323287
-0.2675645992	-0.3368457411	0.9027456505	0.4548974590
0.0000000000	0.0000000000	0.0000000000	1.0000000000
139	139	140
0.9661609893	-0.1411236944	0.2159266497	0.7585097937
0.0535791302	0.9286134043	0.3671723233	0.7760570441
-0.2523287739	-0.3431773111	0.9047456295	0.4580615947
0.0000000000	0.0000000000	0.0000000000	1.0000000000
140	140	141
0.9702634435	-0.1339259057	0.2016434140	0.7808071742
0.0509441833	0.9273324479	0.3707691842	0.7790550667
-0.2366449572	-0.3494708844	0.9065728107	0.4614085974
0.0000000000	0.0000000000	0.0000000000	1.0000000000
141	141	142
0.9741186334	-0.1264183164	0.1874021560	0.8030573780
0.0481243397	0.9259851199	0.3744941771	0.7819025601
-0.2208737129	-0.3557825792	0.9080965615	0.4652415170
0.0000000000	0.0000000000	0.0000000000	1.0000000000
142	142	143
0.9777381247	-0.1188120532	0.1729696510	0.8254725803
0.0454416951	0.9246002031	0.3782322371	0.7846713526
-0.2048657142	-0.3619512930	0.9094099154	0.4693215513
0.0000000000	0.0000000000	0.0000000000	1.0000000000
143	143	144
0.9810843727	-0.1109965609	0.1586169080	0.8474367405
0.0427114929	0.9232331962	0.3818713527	0.7877511234
-0.1888255690	-0.3678729756	0.9105057607	0.4735803667
0.0000000000	0.0000000000	0.0000000000	1.0000000000
144	144	145
0.9841630874	-0.1029747566	0.1443167970	0.8691821391
0.0399460660	0.9218952636	0.3853860154	0.7910474505
-0.1727290843	-0.3735167101	0.9114037516	0.4780869150
0.0000000000	0.0000000000	0.0000000000	1.0000000000
145	145	146
0.9870294811	-0.0945192561	0.1297897611	0.8911329456
0.0370487083	0.9206293229	0.3886895661	0.7947279413
-0.1562261023	-0.3788385025	0.9121849446	0.4824820418
0.0000000000	0.0000000000	0.0000000000	1.0000000000
146	146	147
0.9895960149	-0.0857251623	0.1155764440	0.9122505464
0.0338979678	0.9194607435	0.3917314759	0.7990086042
-0.1398492282	-0.3837367463	0.9127947823	0.4870902825
0.0000000000	0.0000000000	0.0000000000	1.0000000000
147	147	148
0.9919013229	-0.0767419385	0.1012459620	0.9333950933
0.0307556690	0.9182917972	0.3947202752	0.8033398666
-0.1232645469	-0.3884087430	0.9132090678	0.4919054884
0.0000000000	0.0000000000	0.0000000000	1.0000000000
148	148	149
0.9939257233	-0.0675262543	0.0869425092	0.9542311775
0.0275243874	0.9171297777	0.3976495141	0.8077790661
-0.1065894939	-0.3928401650	0.9134121023	0.4970962225
0.0000000000	0.0000000000	0.0000000000	1.0000000000
149	149	150
0.9956703694	-0.0579623112	0.0727200472	0.9745609108
0.0240872553	0.9160552968	0.4003399743	0.8125434486
-0.0898199893	-0.3968537032	0.9134796150	0.5022499989
0.0000000000	0.0000000000	0.0000000000	1.0000000000
150	150	151
0.9974600000	-0.0415984000	0.0578120000	0.9967988000
0.0143880000	0.9126630000	0.4084600000	0.8066835000
-0.0697541000	-0.4065910000	0.9109430000	0.5099694500
0.0000000000	0.0000000000	0.0000000000	1.0000000000
151	151	152
0.9985400077	-0.0318866970	0.0435875246	1.0167678422
0.0111608121	0.9115067050	0.4111357275	0.8113804638
-0.0528399542	-0.4100497552	0.9105306992	0.5157887172
0.0000000000	0.0000000000	0.0000000000	1.0000000000
152	152	153
0.9993286558	-0.0219990431	0.0292732045	1.0365763070
0.0079223341	0.9103780379	0.4137032180	0.8162429662
-0.0357506542	-0.4131939542	0.9099410052	0.5220697771
0.0000000000	0.0000000000	0.0000000000	1.0000000000
153	153	154
0.9998201412	-0.0118729624	0.0147550258	1.0564604057
0.0046528417	0.9092043268	0.4163264198	0.8207573077
-0.0183582097	-0.4161832757	0.9090955650	0.5286437610
0.0000000000	0.0000000000	0.0000000000	1.0000000000
154	154	155
0.9999981592	-0.0017270312	0.0002607229	1.0759016363
0.0014592978	0.9081585105	0.4186253588	0.8255911914
-0.0009597272	-0.4186243830	0.9081590854	0.5349719371
0.0000000000	0.0000000000	0.0000000000	1.0000000000
155	155	156
0.9998606889	0.0084849722	-0.0143492322	1.0950211540
-0.0016609353	0.9071970242	0.4207046815	0.8303705572
0.0165873861	-0.4206222527	0.9070847166	0.5409893007
0.0000000000	0.0000000000	0.0000000000	1.0000000000
156	156	157
0.9994068370	0.0186754593	-0.0289155503	1.1138558195
-0.0047013157	0.9062128300	0.4227968694	0.8351465933
0.0340996720	-0.4224106482	0.9057624975	0.5475202282
0.0000000000	0.0000000000	0.0000000000	1.0000000000
157	157	158
0.9986293184	0.0288663999	-0.0436452484	1.1326235681
-0.0076020957	0.9052599785	0.4247915411	0.8398776914
0.0517720011	-0.4238778697	0.9042385941	0.5543752415
0.0000000000	0.0000000000	0.0000000000	1.0000000000
158	158	159
0.9975417755	0.0391180382	-0.0581337182	1.1506743278
-0.0105917954	0.9043065647	0.4267540486	0.8447653819
0.0692648938	-0.4250893997	0.9024975444	0.5620486241
0.0000000000	0.0000000000	0.0000000000	1.0000000000
159	159	160
0.9961595248	0.0494397665	-0.0722564145	1.1676035863
-0.0137532428	0.9034213604	0.4285358565	0.8500002909
0.0864648921	-0.4258967479	0.9006309793	0.5700996494
0.0000000000	0.0000000000	0.0000000000	1.0000000000
160	160	161
0.9944459750	0.0596804063	-0.0866981835	1.1846015552
-0.0166594010	0.9025728135	0.4302164589	0.8552683574
0.1039260236	-0.4263823257	0.8985534075	0.5787099672
0.0000000000	0.0000000000	0.0000000000	1.0000000000
161	161	162
0.9924624116	0.0699878177	-0.1006059019	1.2001867211
-0.0198246392	0.9017690307	0.4317653788	0.8606096249
0.1209419398	-0.4265160097	0.8963582791	0.5877767096
0.0000000000	0.0000000000	0.0000000000	1.0000000000
162	162	163
0.9901687889	0.0803255187	-0.1145214522	1.2153158975
-0.0230345513	0.9011478191	0.4329013932	0.8663866524
0.1379734143	-0.4260068709	0.8941380209	0.5970074259
0.0000000000	0.0000000000	0.0000000000	1.0000000000
163	163	164
0.9875777273	0.0905916717	-0.1283890433	1.2299713934
-0.0261968069	0.9005653679	0.4339333506	0.8721545483
0.1549332375	-0.4251795957	0.8917506072	0.6064874597
0.0000000000	0.0000000000	0.0000000000	1.0000000000
164	164	165
0.9846846420	0.1005388703	-0.1424411151	1.2447435156
-0.0290086122	0.9000765603	0.4347679417	0.8775746497
0.1719186557	-0.4239766777	0.8892076201	0.6159865043
0.0000000000	0.0000000000	0.0000000000	1.0000000000
165	165	166
0.9813890963	0.1104964249	-0.1570594396	1.2596731209
-0.0315923077	0.8996294871	0.4355127328	0.8829414954
0.1894179291	-0.4224450298	0.8863763782	0.6265796320
0.0000000000	0.0000000000	0.0000000000	1.0000000000
166	166	167
0.9776485514	0.1205564848	-0.1722536532	1.2749419180
-0.0340723345	0.8992968871	0.4360137737	0.8881064442
0.2074708936	-0.4203988321	0.8833023723	0.6372505443
0.0000000000	0.0000000000	0.0000000000	1.0000000000
167	167	168
0.9736676269	0.1305460477	-0.1868984455	1.2885600126
-0.0368308827	0.8991232073	0.4361483911	0.8936233119
0.2249822901	-0.4177796430	0.8802535120	0.6480440609
0.0000000000	0.0000000000	0.0000000000	1.0000000000
168	168	169
0.9694025054	0.1404374978	-0.2013420737	1.3011812691
-0.0396606505	0.8990188282	0.4361157472	0.8993432392
0.2422571412	-0.4147858036	0.8770791664	0.6592477974
0.0000000000	0.0000000000	0.0000000000	1.0000000000
169	169	170
0.9648349391	0.1502537581	-0.2156839710	1.3127876432
-0.0425762750	0.8990213204	0.4358352391	0.9053135303
0.2593898913	-0.4113254875	0.8738031256	0.6710435666
0.0000000000	0.0000000000	0.0000000000	1.0000000000
170	170	171
0.9600845635	0.1596516422	-0.2296784194	1.3232737554
-0.0453824474	0.8991428539	0.4353006100	0.9113040204
0.2760098347	-0.4075010507	0.8704971287	0.6830238852
0.0000000000	0.0000000000	0.0000000000	1.0000000000
171	171	172
0.9550470042	0.1687495024	-0.2437439909	1.3332552451
-0.0480175606	0.8993832860	0.4345206886	0.9174084116
0.2925438581	-0.4032831105	0.8670553429	0.6954098809
0.0000000000	0.0000000000	0.0000000000	1.0000000000
172	172	173
0.9498360181	0.1776538152	-0.2573973992	1.3417085656
-0.0508829248	0.8998225355	0.4332843587	0.9238623685
0.3085861659	-0.3984515207	0.8637217928	0.7079498518
0.0000000000	0.0000000000	0.0000000000	1.0000000000
173	173	174
0.9444759978	0.1865060157	-0.2705261181	1.3484537966
-0.0541171600	0.9003544683	0.4317856478	0.9305882409
0.3240985675	-0.3931704464	0.8604539316	0.7206354754
0.0000000000	0.0000000000	0.0000000000	1.0000000000
174	174	175
0.9387739266	0.1944565519	-0.2844192325	1.3559591864
-0.0563623922	0.9010624543	0.4300173933	0.9371543749
0.3398983701	-0.3876577265	0.8568515703	0.7344096405
0.0000000000	0.0000000000	0.0000000000	1.0000000000
175	175	176
0.9387010821	0.1946713821	-0.2845110555	1.3556960678
-0.0565016799	0.9010195310	0.4300883368	0.9373752493
0.3400752249	-0.3876481620	0.8567860677	0.7345634293
0.0000000000	0.0000000000	0.0000000000	1.0000000000
176	176	177
0.9348783326	0.1999485138	-0.2933011689	1.3598221132
-0.0583658242	0.9016068173	0.4286050653	0.9421532595
0.3501410786	-0.3835741079	0.8545620360	0.7435136364
0.0000000000	0.0000000000	0.0000000000	1.0000000000
177	177	178
0.9308673935	0.2053570800	-0.3021884864	1.3635480478
-0.0603482488	0.9021553206	0.4271750739	0.9469334279
0.3603443638	-0.3794062578	0.8521775736	0.7530507075
0.0000000000	0.0000000000	0.0000000000	1.0000000000
178	178	179
0.9267451153	0.2106267946	-0.3110989485	1.3669706616
-0.0623551376	0.9028144929	0.4254904741	0.9519962064
0.3704844503	-0.3749216777	0.8498110437	0.7624661459
0.0000000000	0.0000000000	0.0000000000	1.0000000000
179	179	180
0.9223457193	0.2161726990	-0.3202342879	1.3702116355
-0.0645348306	0.9033859603	0.4239503989	0.9567858134
0.3809413557	-0.3703621677	0.8471832113	0.7728118623
0.0000000000	0.0000000000	0.0000000000	1.0000000000
180	180	181
0.9176803490	0.2216894785	-0.3297270302	1.3736180424
-0.0666556772	0.9040088068	0.4222909060	0.9616993111
