1	2	57
 0.946498  0.155528 -0.282758  0.140631
-0.167417  0.985718 -0.018224  0.251422
 0.275885  0.064588  0.959018 -0.460279
       -0         0         0         1
0	1	57
 0.973883  0.047306  0.222068   0.20014
-0.181973  0.747545  0.638798 -0.076622
-0.135787 -0.662524   0.73663    1.7181
        0         0         0         1
2	3	57
 0.761232  0.197938 -0.617532  0.843743
-0.182122  0.979207  0.089365    0.2956
  0.62238  0.044439  0.781453  -1.34282
        0         0         0         1
3	4	57
 0.998688 -0.026285  -0.04396  0.065594
 0.012158    0.9554 -0.295063  0.700794
 0.049755  0.294141  0.954466 -0.186572
       -0         0         0         1
4	5	57
 0.942067 -0.232985  0.241305  0.650102
 0.183812  0.960349  0.209627    -1.412
-0.280577 -0.153128  0.947538  0.421341
       -0        -0        -0         1
1	3	57
 0.500626  0.240803 -0.831497   1.63528
-0.288884  0.951941  0.101754  0.401915
 0.816039  0.189265  0.546131   -1.5175
       -0         0         0         1
5	6	57
 0.998511 -0.045708  0.029764   1.01617
 0.037909  0.973892  0.223826   0.08565
-0.039217 -0.222364  0.974175  0.225968
        0         0         0         1
0	2	57
 0.966137 -0.053114  0.252506  0.330525
-0.020382  0.959818  0.279882 -0.459954
-0.257225 -0.275551  0.926233   1.30643
        0         0         0         1
2	4	57
   0.735562 0.000811994   -0.677456     1.13814
  -0.181521     0.96367   -0.195935    0.968876
   0.652685    0.267095    0.708987    -1.46737
         -0           0           0           1
1	4	57
   0.532581 -0.00436199   -0.846368     1.74832
  -0.253419    0.953288   -0.164379    0.975902
    0.80755    0.302031    0.506597    -1.44435
         -0           0           0           1
4	6	57
 0.947109 -0.165059  0.275208   1.32393
-0.013828  0.835795  0.548867 -0.807682
-0.320613 -0.523643  0.789307  0.693508
       -0        -0        -0         1
0	3	57
 0.958161    0.0877 -0.272465   0.66055
-0.009967   0.96155  0.274449 -0.519446
 0.286058  -0.26025  0.922193 -0.044346
        0         0         0         1
6	7	57
 0.777637  0.164344 -0.606854  0.367244
-0.350073  0.914944 -0.200813  0.656828
 0.522235  0.368603  0.769027  -1.79483
       -0         0         0         1
2	5	57
 0.770177  0.228683 -0.595425   1.03703
-0.040633  0.949212  0.312003 -0.554223
 0.636535 -0.216104  0.740353 -0.657021
        0         0         0         1
1	5	57
 0.739106   0.23817 -0.630077   1.24082
-0.201977  0.970723  0.130007 -0.246333
 0.642594  0.031172  0.765573  -1.08375
       -0         0         0         1
5	7	57
 0.785289   0.11301 -0.608728   1.13828
-0.174413  0.983761 -0.042367  0.388716
 0.594055   0.13944  0.792247  -1.43579
       -0         0         0         1
0	4	57
   0.872836    0.143502   -0.466437    0.937672
  -0.123481    0.989629    0.073397    0.508164
   0.472133 -0.00646699    0.881504   -0.636763
          0           0           0           1
4	7	57
-0.271201 -0.364118 -0.890993   5.47744
-0.369316 -0.815468  0.445666   2.96364
-0.888851  0.449923  0.086682   2.39924
       -0         0         0         1
1	6	57
 0.768497  0.442267 -0.462398   1.58014
-0.272999  0.880221   0.38818 -0.147072
 0.578691 -0.172081  0.797186 -0.195286
        0         0         0         1
0	5	57
 0.991093  0.029973 -0.129757  0.928993
0.000997001  0.972645  0.232292 -0.893227
  0.13317 -0.230353  0.963952  0.099756
        0         0         0         1
6	8	57
   0.972448 -0.00563199   -0.233052    0.548307
  -0.111818     0.86593   -0.487507    0.692283
   0.204552    0.500134    0.841442    -2.08404
         -0           0           0           1
5	8	57
  0.98805  0.001124 -0.154129  0.988123
-0.045193  0.958135 -0.282726  0.269956
 0.147359  0.286314  0.946737  -1.76914
       -0         0         0         1
0	6	57
 0.998679   0.01585 -0.048873    1.8231
 0.020649  0.747203  0.664275 -0.769066
 0.047046 -0.664407  0.745889   1.07845
        0         0         0         1
1	8	57
 0.665359  0.071269 -0.743114   3.18355
-0.227593  0.967409    -0.111 -0.456701
 0.710985  0.242983  0.659894  -1.74101
       -0         0         0         1
5	15	57
 0.803812 -0.563835  0.189673  0.372062
 0.519738  0.820738  0.237194 -0.416544
 -0.28941 -0.092079  0.952766   1.33273
        0         0         0         1
1	16	57
 0.806921  0.243643  0.538067  -1.58652
-0.205476 -0.738272  0.642444   3.81061
 0.553767 -0.628962 -0.545664   2.17904
        0         0         0         1
6	20	57
 -0.443655   0.263588   0.856558 0.00954307
 -0.814337  -0.517642  -0.262493    3.32832
  0.374201  -0.813983   0.444304   0.980261
         0          0          0          1
6	21	57
 0.578446  0.016126 -0.815562   2.46182
 0.543752 -0.752901  0.370774   1.30305
-0.608058 -0.657936 -0.444281   5.00138
        0         0        -0         1
7	20	57
 0.064878 -0.698761  0.712407   1.77439
 0.280163 -0.672443 -0.685076   3.34365
 0.957757  0.244037   0.15214 -0.591393
        0         0         0         1
5	25	57
 0.962191  0.078687  0.260764 -0.036999
-0.117213  0.983801  0.135637  0.097777
-0.245867 -0.161074  0.955827 -0.217154
        0        -0         0         1
2	27	57
 0.878499 -0.120126  0.462395  -1.25144
 0.194514  0.973953 -0.116532 -0.586084
-0.436352  0.192316  0.878983 -0.728697
        0         0         0         1
6	31	57
-0.785257   0.08549  0.613239   1.64713
-0.039381 -0.995313  0.088326   2.98238
 0.617916  0.045209  0.784943  -1.67275
       -0         0         0         1
6	33	57
-0.667751  0.279974  0.689727 -0.215941
-0.558275 -0.801248 -0.215245   4.74278
 0.492379 -0.528787  0.691337 -0.023834
        0         0         0         1
5	34	57
 0.939817 -0.340364 -0.029926   1.34203
 0.297999  0.859375 -0.415536   1.80923
 0.167151   0.38161  0.909084   -2.1051
       -0         0         0         1
6	34	57
 0.985577  0.034455  -0.16568  0.200732
-0.115464  0.852668 -0.509534   1.25183
 0.123714  0.521315  0.844349  -2.27647
       -0         0         0         1
6	41	57
-0.644177  0.169079 -0.745954   3.47465
-0.750931  -0.32518  0.574769   2.29182
-0.145388  0.930414  0.336441 -0.285718
        0         0         0         1
1	42	57
 0.593583   0.08622  -0.80014   2.94262
-0.149115  0.988811 -0.004071 -0.236809
 0.790837  0.121729  0.599799  -3.11288
       -0         0         0         1
3	42	57
 0.997624 -0.062474 -0.029058 -0.284006
  0.06218  0.998005 -0.010907 -0.683067
 0.029681  0.009074  0.999518  -2.05708
       -0         0         0         1
6	42	57
 0.858525  0.507737  -0.07168  -1.82942
-0.512173  0.855855 -0.072048    1.7845
 0.024766  0.098568  0.994822  -1.91365
       -0         0         0         1
4	43	57
 0.668579 -0.743204  0.025508     2.134
 0.319265  0.317849  0.892772   -2.0405
-0.671619 -0.588745  0.449786   3.54694
       -0        -0        -0         1
1	43	57
 0.665203 -0.203441 -0.718413   2.96515
-0.238206  0.854065 -0.462419  0.713284
 0.707646  0.478733  0.519666  -3.35855
       -0         0         0         1
6	43	57
  0.34891 -0.668423 -0.656865    2.5131
 0.872926  0.486821  -0.03171  -2.25085
 0.340972 -0.562331  0.753341  0.640522
        0         0         0         1
6	44	57
 0.850458  0.415697  -0.32236 -0.522008
-0.019867 -0.586985 -0.809354    3.4707
-0.525667  0.694726 -0.490947   2.64905
        0         0        -0         1
2	44	57
 0.951467 -0.116093 -0.285012  0.909221
 0.307581  0.389344   0.86822  -1.65812
 0.010173 -0.913747  0.406156   1.85487
        0         0        -0         1
5	45	57
 0.669071 -0.602953 -0.434502   2.86851
 0.739079  0.478332  0.474301   -2.0367
-0.078144 -0.638472  0.765667   1.37232
        0        -0         0         1
6	45	57
 0.923947  0.266868  -0.27405 -0.918723
-0.020124 -0.681527 -0.731516   4.37371
-0.381991  0.681397 -0.624324    2.6245
        0         0        -0         1
5	46	57
 0.623429 -0.372544 -0.687421   4.66159
-0.126968 -0.915757  0.381141   2.98235
-0.771502 -0.150334 -0.618211   4.57829
        0        -0         0         1
6	46	57
 0.987156  0.021806  0.158263  -1.12554
 0.013405  0.975842 -0.218066  0.192298
-0.159194  0.217387  0.963016 -0.976125
       -0         0         0         1
7	42	57
 0.917754 -0.085044  0.387937  -1.78985
  0.07124  0.996212  0.049857 -0.252559
-0.390708  -0.01812  0.920336  0.166154
       -0        -0        -0         1
5	51	57
 0.285818  0.883871 -0.370243   1.40054
-0.863575  0.070094 -0.499324   5.55172
-0.415387  0.462449  0.783323 -0.104115
        0         0         0         1
5	54	57
 0.611039 -0.244782  0.752804   -1.2173
 0.570481  0.795471 -0.204394  0.834514
-0.548802  0.554353  0.625707  0.233727
        0         0         0         1
6	55	57
 0.686652  0.651395 -0.322791 0.0680492
-0.477755  0.069658 -0.875727   4.22274
-0.547959  0.755535  0.359038  0.244038
        0         0         0         1
5	56	57
-0.764628  0.626862 -0.149625   3.61318
-0.600215 -0.608111   0.51956   2.58616
 0.234704  0.487078  0.841231  -2.35107
       -0         0         0         1
11	12	57
 0.975398  0.017051  0.219791 -0.125057
 0.002583  0.996052 -0.088738 -0.002576
-0.220436  0.087123  0.971503  0.446236
       -0         0         0         1
10	11	57
 0.981513 -0.134557  0.136115  0.326859
 0.179638  0.893062 -0.412517   0.11179
-0.066052  0.429342  0.900723  -0.60057
        0         0         0         1
12	13	57
0.901398 -0.11804 0.416591 0.388127
-0.065818 0.913589 0.401277 0.497673
-0.42796 -0.38913 0.815738  1.79854
       0        0        0        1
13	14	57
 0.873847 -0.342668   0.34492  0.645431
  0.23505  0.918749  0.317257 -0.230496
-0.425609 -0.196161   0.88339   1.22478
       -0        -0        -0         1
12	14	57
 0.411954 -0.723662  0.553721   2.28353
 0.173008  0.658745  0.732204  0.566438
 -0.89463 -0.205836  0.396572   2.43042
       -0        -0        -0         1
10	12	57
 0.885165  0.147771  0.441188 -0.215369
 0.173852  0.774501 -0.608214  0.094206
-0.431577  0.615071  0.659871 -0.165781
        0         0         0         1
14	15	57
 0.997998  0.060689  0.017807 -0.143637
-0.036145  0.778299 -0.626853  0.340543
-0.051902  0.624954  0.778934  -1.18727
        0         0         0         1
11	14	57
-0.726598 -0.285972  -0.62472   4.24661
 0.667236 -0.510561 -0.542332   1.92973
-0.163866 -0.810893  0.561784   2.10985
        0        -0         0         1
11	15	57
-0.968695  0.032046 -0.246176    4.1271
  0.02081 -0.977662 -0.209153   3.57216
 -0.24738 -0.207728  0.946389   1.07484
        0         0         0         1
13	16	57
 0.731978  0.055136  0.679094 -0.570166
 0.338061  0.835981 -0.432261 -0.640625
-0.591542  0.545981  0.593281  0.362185
       -0         0         0         1
9	12	57
-0.369092 -0.849833  0.376239   4.53277
 0.914306 -0.404664 -0.017101  0.962189
 0.166784  0.337685  0.926365 -0.741209
        0         0         0         1
12	16	57
 -0.230407  -0.476746   0.848307    3.11653
  0.963765 0.00862099   0.266612  -0.748743
 -0.134419   0.878999   0.457485   -1.28549
        -0         -0          0          1
10	14	57
 0.040924 -0.643371   0.76446   2.80714
 0.405396  0.709987  0.575824 -0.620583
-0.913225  0.286344  0.289876   1.95886
        0         0         0         1
14	16	57
  0.969435   0.035797   0.242725 0.00312701
  0.161347   0.652274  -0.740612    0.16767
 -0.184834   0.757138   0.626561   -1.17932
        -0          0          0          1
11	16	57
-0.266311 -0.324969  0.907454   2.93563
 0.963305 -0.122441  0.238854 -0.850995
 0.033489  0.937765  0.345652  -1.62607
       -0         0         0         1
10	15	57
 0.064688  -0.97914 -0.192617   3.92375
  0.88833  0.144438 -0.435899 -0.130369
 0.454627  -0.14291  0.879142 -0.481212
        0         0         0         1
11	17	57
-0.555933 -0.703304  0.443059   3.99738
 0.825699  -0.40588  0.391768  0.150386
-0.095703   0.58363   0.80636  -0.38321
        0         0         0         1
13	17	57
 0.488433 -0.477524  0.730345  0.979069
 0.390554  0.868094  0.306398 -0.502307
-0.780321  0.135585  0.610505   1.56508
        0         0         0         1
10	16	57
 0.676972   0.73539  0.030184  -1.56806
-0.485091  0.476648 -0.733139   2.34952
 -0.55353  0.481673  0.679408  0.447786
       -0         0        -0         1
13	18	57
 0.907733 -0.251585  0.335747   1.39066
 0.252908   0.96664  0.040562  0.241028
-0.334751  0.048094  0.941078  0.031534
       -0        -0         0         1
14	18	57
 0.381234 -0.788469 -0.482677   3.68461
-0.655342 -0.598748  0.460464   3.39506
-0.652064  0.140774  -0.74498   2.85078
        0         0         0         1
13	19	57
 0.991698  0.052902 -0.117204   1.31936
-0.043044  0.995442  0.085104  0.885673
 0.121172 -0.079352  0.989455  -1.10165
        0         0         0         1
12	19	57
 0.499295 -0.818768  0.283414   1.84294
  0.84914  0.397386 -0.347916  0.253028
 0.172238  0.414371  0.893661 -0.980039
       -0         0         0         1
11	19	57
   0.065782   -0.809369    0.583605     2.48387
   0.992154 -0.00926301   -0.124679   -0.164631
   0.106317    0.587228    0.802409   -0.873246
         -0           0           0           1
14	19	57
 0.798549  0.248959 -0.548032   2.04159
-0.373963  0.918624 -0.127598   1.23408
 0.471669  0.306837  0.826668  -1.54461
       -0         0         0         1
9	18	57
 0.943777 -0.131529   0.30329  0.127322
 0.151155  0.987615 -0.042062 -0.527172
-0.294001  0.085542   0.95197   1.04411
        0         0         0         1
11	20	57
 -0.938568  -0.279115    0.20294    3.56009
  0.138724  -0.843623  -0.518706    3.19186
  0.315984  -0.458688   0.830518 -0.0635908
         0          0          0          1
12	20	57
-0.825687  0.555927  0.095847   3.08381
-0.554373 -0.831072  0.044621   3.77884
 0.104461 -0.016292  0.994395 -0.210289
        0         0         0         1
10	20	57
-0.903867  0.007992  0.427738   3.31721
-0.345037  -0.60473  -0.71781   3.74815
 0.252929 -0.796391  0.549353   0.73981
        0         0         0         1
14	20	57
  0.83289  0.027534 -0.552754   2.77253
-0.261447  0.899866 -0.349123   1.22569
 0.487791  0.435296  0.756688  -1.53819
       -0         0         0         1
13	21	57
 0.935766 -0.325868  0.134727   1.00466
 0.149548  0.712765  0.685274 -0.553664
-0.319338 -0.621109  0.715715   1.22991
       -0        -0        -0         1
11	21	57
-0.941754  0.077117   0.32734   3.31491
-0.036866 -0.991161  0.127443   3.43848
 0.334275  0.107952  0.936273  -1.16413
       -0         0         0         1
14	21	57
 0.837094 -0.291577 -0.462879   3.36237
 0.219666 -0.595763  0.772537  0.144121
 -0.50102 -0.748364  -0.43466   4.36916
        0         0        -0         1
10	21	57
-0.882377  0.318065  0.346765    3.2194
-0.398164 -0.897416 -0.190025   4.33862
 0.250752 -0.305743  0.918501 -0.178076
        0         0         0         1
11	22	57
-0.936165 -0.231745 -0.264365   4.70925
 0.191029 -0.966599  0.170862    3.6011
-0.295131  0.109454  0.949167  0.405228
       -0         0        -0         1
10	22	57
-0.082987 -0.986265  0.142807   4.23465
 0.901586 -0.135356  -0.41088   0.43071
 0.424566  0.094655  0.900435  -1.12468
       -0         0         0         1
12	22	57
 0.349428 -0.692289  0.631376   1.99497
-0.885645  -0.46399 -0.018605   5.01122
 0.305833 -0.552674 -0.775254   3.35866
        0         0         0         1
9	21	57
 0.784117 -0.580163 -0.220392   1.86013
 0.604274  0.632759   0.48422  -1.13952
-0.141471 -0.512862  0.846734   1.12575
        0        -0         0         1
11	23	57
 0.324778 -0.890302 -0.319188   3.44935
 0.934927  0.251207  0.250613 -0.755924
-0.142939 -0.379811  0.913954  0.991283
        0        -0         0         1
12	23	57
-0.647406  0.602517 -0.466731   2.36206
-0.526872 -0.796309 -0.297151   5.55758
-0.550701   0.05353  0.832984   0.78399
       -0         0        -0         1
13	23	57
 0.674326 -0.338289  0.656388  0.680169
 0.475502  0.878999  -0.03548 -0.281842
-0.564961  0.336039  0.753589  0.671823
        0         0         0         1
10	23	57
 0.939398  -0.32766   0.10085  0.731345
 0.342772  0.903054 -0.258844 -0.915477
 -0.00626  0.277726   0.96064 -0.895434
        0         0         0         1
11	24	57
-0.403501  0.777694  0.482057  0.737857
-0.667914 -0.610439  0.425741   4.09604
 0.625363 -0.150186  0.765745  -1.14607
        0         0         0         1
14	24	57
-0.683411 -0.542237  0.488803   3.42244
-0.363711 -0.327652 -0.871985    4.1519
  0.63298 -0.773707  0.026704  0.733237
        0         0         0         1
12	24	57
-0.676989  0.706036  0.207842   2.32198
-0.521943 -0.659659  0.540764   4.09552
 0.518904  0.257609  0.815093  -1.65606
       -0         0         0         1
8	16	57
 0.635279  0.146519  0.758256   -1.4943
-0.154788  0.986072 -0.060856  0.723564
-0.756612 -0.078708   0.64911   3.69423
        0         0         0         1
9	24	57
 0.940589  0.227473 -0.252089  0.158191
-0.243751  0.969209  -0.03491   1.33641
 0.236386  0.094283  0.967074 -0.528391
       -0         0         0         1
11	25	57
-0.675844 -0.577641 -0.457784    4.9939
 0.733399 -0.465357 -0.495548   2.16969
 0.073216 -0.670652   0.73815  0.571125
        0         0        -0         1
14	25	57
 0.370039  0.887656  0.274112  -1.15755
-0.845456   0.44406 -0.296671   3.53539
-0.385064 -0.121969  0.914795  0.494014
        0        -0         0         1
13	25	57
   0.869884    -0.20274    0.449665   -0.291244
   0.248086    0.967757   -0.043593   -0.537991
  -0.426328    0.149477    0.892133 -0.00953001
          0           0           0           1
10	25	57
 0.584413  0.795095  0.162127 -0.391858
-0.802311  0.596088 -0.031243   2.57876
-0.121483 -0.111817  0.986275 -0.327802
        0        -0         0         1
10	26	57
 0.126229  0.849035  0.513036 -0.323598
-0.534279  0.493942  -0.68598    3.5584
-0.835831 -0.187514  0.515971   1.71947
        0        -0         0         1
11	26	57
 0.956628  0.112997  0.268504 -0.470639
-0.199818 -0.416173  0.887058   1.08691
 0.211979 -0.902237 -0.375544   2.14337
        0         0         0         1
13	26	57
 0.965553 -0.097375 -0.241301  0.232653
-0.105831 -0.994134 -0.022303   4.43875
-0.237714  0.047072 -0.970194   4.38845
        0         0        -0         1
12	26	57
-0.063393 -0.025787  0.997656  0.592642
-0.997735  0.024172 -0.062773   4.64758
-0.022496 -0.999375 -0.027261   2.05928
        0         0        -0         1
9	26	57
-0.736772  0.410547  0.537232   1.79067
-0.537095  0.127294 -0.833861   4.35978
-0.410726  -0.90291  0.126717   2.85824
        0        -0         0         1
14	26	57
 0.517771 -0.838686 -0.168873   2.93346
-0.801101 -0.544574  0.248348   4.13344
 -0.30025  0.006697 -0.953837   4.41752
        0         0         0         1
11	27	57
 0.366073 -0.385244    0.8471 -0.071514
   0.9154 -0.014707 -0.402277    0.2956
 0.167434  0.922697  0.347268 -0.726077
       -0         0         0         1
13	27	57
 0.636091 -0.529906  0.560881 -0.663714
 -0.44992  0.335819  0.827525  0.352179
-0.626865 -0.778733 -0.024804    4.1495
        0         0        -0         1
14	27	57
 0.492673 -0.048948  0.868837  -1.67715
-0.664397  0.623643  0.411881   1.22083
-0.562005 -0.780175  0.274731   3.00358
       -0        -0        -0         1
12	27	57
-0.407867  0.454629  0.791806  0.339857
-0.878867  0.039555 -0.475425   5.36426
-0.247462 -0.889802  0.383425   2.17369
        0        -0         0         1
9	27	57
 0.696961   -0.6123  0.373274   0.66477
-0.197241  0.336769  0.920697 -0.489349
 -0.68945 -0.715315  0.113944   3.85804
       -0        -0        -0         1
8	20	57
 0.887202 -0.461135 -0.015087  0.817414
 0.460633  0.883425  0.085898  0.492724
-0.026283 -0.083158   0.99619  0.683821
        0         0         0         1
13	28	57
-0.000129998 -0.490858  0.871239  0.023139
 0.534188  0.736482  0.415015  -1.08872
-0.845366   0.46546  0.262115  0.139947
       -0        -0         0         1
11	28	57
-0.856447 -0.464858  0.224513   3.02637
 0.450751 -0.461386  0.764164 -0.113604
-0.251641  0.755666  0.604687  -1.63823
        0         0         0         1
8	21	57
 0.992509 -0.088753   0.08396 -0.055613
 0.107108  0.962697 -0.248482  0.218873
-0.058774  0.255613  0.964991  0.080912
        0         0         0         1
13	29	57
-0.232604 -0.684474  0.690935   1.01401
 0.434679  0.562353   0.70343 -0.781599
-0.870028  0.463956  0.166721   0.99567
       -0        -0         0         1
11	29	57
-0.797734 -0.573656  0.185848   2.84374
 0.564921 -0.603165  0.563077  0.215166
-0.210916  0.554175  0.805236  -1.20584
        0         0         0         1
9	29	57
-0.823849  -0.14405   -0.5482   5.52601
 0.040243  0.949861 -0.310072   1.31841
 0.565379 -0.277513 -0.776745   3.20266
        0         0        -0         1
11	30	57
 0.221832  0.794857 -0.564794    1.4429
 0.961891 -0.083419  0.260398 -0.129955
 0.159865 -0.601035 -0.783071   4.16741
        0         0         0         1
9	30	57
 0.484935 -0.563084  0.669159  0.393144
 0.677902   0.72543  0.119164  -1.01863
-0.552528  0.395838  0.733502  0.066627
       -0        -0         0         1
12	30	57
 0.168977 -0.875913  0.451911   1.97734
 0.984813  0.131497 -0.113365  0.761806
 0.039873  0.464204  0.884831  -1.59446
       -0         0         0         1
11	31	57
 0.948212 -0.200737 -0.246169 -0.130996
-0.267802 -0.921975 -0.279722   4.31127
-0.170811  0.331161 -0.927985   3.95253
        0         0        -0         1
13	31	57
 0.771532  0.452124  0.447574  -0.59542
-0.531391  0.844809   0.06262   1.80327
-0.349802  -0.28615  0.892052 -0.434528
        0        -0         0         1
10	31	57
 0.801714 -0.193648 -0.565469    1.4426
 0.110337  0.977752 -0.178403  0.536991
 0.587436  0.080636  0.805244  -2.28582
       -0         0         0         1
12	31	57
 0.529346  0.192009 -0.826393   1.85454
 0.301705   0.86778  0.394883  -0.66206
 0.792948 -0.458357  0.401425   -1.5262
        0         0         0         1
9	31	57
 0.904022 -0.427047 -0.019369  0.711265
 0.407597  0.874735 -0.262112  0.472979
 0.128877  0.229061  0.964843  -1.47044
       -0         0         0         1
14	31	57
 0.457838 -0.774151 -0.437121   3.86143
-0.429622 -0.623116  0.653568   1.64922
-0.778337 -0.111431 -0.617879   4.07754
        0        -0         0         1
11	32	57
 0.930049  0.135775 -0.341429  0.725305
-0.131096  0.990684  0.036859  0.269409
 0.343253  0.010479  0.939185  -1.74893
       -0         0         0         1
14	32	57
-0.985015 -0.083163  0.151092   3.60619
 0.157761 -0.788454  0.594518  0.274051
 0.069687  0.609445  0.789759  -1.13999
       -0         0         0         1
10	32	57
0.983375  0.06354 0.170105 0.066355
-0.181156 0.407639 0.894993 -0.75561
-0.012474 -0.91093 0.412373   1.2543
       0       -0        0        1
12	32	57
-0.550001 -0.833947 -0.045069   4.76532
-0.081006  0.106978 -0.990956   4.17348
 0.831226 -0.541376 -0.126393   0.16468
        0         0        -0         1
13	33	57
 0.431925 -0.340169    0.8353 -0.048483
-0.734989  0.404006  0.544583   1.27862
-0.522716 -0.849155 -0.075521   3.69935
        0         0        -0         1
10	33	57
 0.963512  0.144406   0.22537 -0.063091
-0.266433  0.598126  0.755817 -0.858867
-0.025655 -0.788284  0.614776   1.05107
        0        -0         0         1
11	33	57
 0.151581  0.282212  0.947301 -0.867486
-0.983183  0.141805  0.115077   2.01831
-0.101856 -0.948814  0.298961   2.20151
        0        -0         0         1
12	33	57
  0.519938   0.459626  -0.720006    2.41903
  0.806033   0.015066   0.591678 -0.0174502
  0.282798  -0.887985  -0.362641    3.20303
         0          0          0          1
14	33	57
 0.984537 -0.012408 -0.174738   1.62486
 0.135719  0.684711  0.716066    -1.247
  0.11076 -0.728709  0.675808  0.781705
        0         0        -0         1
9	33	57
 0.835598 -0.441089   0.32744   1.38198
 0.541854  0.563715 -0.623393    1.3249
 0.090389  0.698331  0.710045  -2.26523
       -0         0         0         1
15	16	57
 0.969505 -0.050315  0.239851  0.165274
 0.087981  0.984913 -0.149019 -0.201688
-0.228734  0.165577  0.959304  0.147539
        0         0         0         1
11	34	57
  0.76518  0.001259 -0.643815   1.01107
-0.006695   0.99996 -0.006002 -0.068617
 0.643781  0.008902  0.765158  -2.45601
       -0         0         0         1
13	34	57
-0.248588  0.073281 -0.965833   4.32658
-0.462408  0.867193  0.184813  0.895517
 0.851107  0.492551 -0.181688  -2.86223
       -0         0        -0         1
12	34	57
 0.454961  0.067579 -0.887944   2.27656
 0.112387  0.984786  0.132534 -0.604775
 0.883391 -0.160091  0.440444  -2.31668
        0         0         0         1
10	34	57
 0.858235 -0.255901 -0.444913  0.915172
0.00187202 -0.865276  0.501293   1.58449
-0.513253  -0.43106 -0.742131   5.62536
        0         0        -0         1
9	34	57
 0.971419 -0.207902  0.114555 -0.153974
 0.237079  0.873787 -0.424605  0.296569
-0.011821  0.439628  0.898102  -1.72626
        0         0         0         1
12	35	57
 0.851367 -0.250437 -0.460928     1.717
 0.473028  0.746344  0.468203 -0.809759
 0.226756 -0.616645  0.753877 -0.211611
        0         0        -0         1
13	35	57
 0.620296  0.276662 -0.733956   1.79919
-0.319913  0.943598  0.085314  0.728812
 0.716162  0.181882  0.673818  -2.37219
       -0         0         0         1
11	35	57
 0.829492   0.14356  0.539754     -1.12
 0.283232 -0.941044 -0.184977   2.76731
 0.481376  0.306312 -0.821249    2.4376
       -0         0        -0         1
10	35	57
-0.147539 -0.980639  0.128762   4.49924
-0.379637 -0.064066 -0.922915   4.66889
 0.913295 -0.185049 -0.362834  0.301796
        0         0         0         1
15	20	57
 0.839085  0.230342 -0.492827   2.44499
-0.085149  0.950377  0.299222  0.522861
 0.537295 -0.209109   0.81706 -0.806724
        0         0         0         1
8	26	57
 0.810592 -0.307046  0.498662 -0.685788
 0.005708  0.855625  0.517564 -0.133172
-0.585583 -0.416688  0.695316   2.41939
        0         0         0         1
11	36	57
-0.296665  0.691342  0.658814  0.632293
-0.528575 -0.693433  0.489652   2.41617
 0.795361  -0.20297  0.571143  -1.06194
        0         0         0         1
12	36	57
 0.964735   0.19242  0.179615  0.182409
-0.248587  0.890395  0.381315  0.886607
-0.086556 -0.412517  0.906828 -0.748609
        0        -0         0         1
13	36	57
 0.830789  0.286192 -0.477371   1.70748
 -0.25631  0.958042  0.128296  0.731953
 0.494059  0.015768  0.869285  -1.88827
       -0         0         0         1
10	36	57
-0.293743 -0.948883 -0.115483    4.3451
-0.118186  0.155938 -0.980671   3.61046
  0.94855 -0.274417  -0.15795  0.179176
        0         0        -0         1
14	36	57
 0.621063  0.379556 -0.685724   2.15186
-0.477347  0.877106  0.053153  0.905776
 0.621627  0.294317  0.725918    -2.004
       -0         0         0         1
15	21	57
 0.999087  0.016933 -0.039221   1.08731
 0.033734  0.250611    0.9675 -0.702308
 0.026212  -0.96794  0.249811   2.02414
        0         0         0         1
12	37	57
 0.989218  0.039133  0.141126  0.289261
-0.084518  0.939519  0.331905 -0.101668
-0.119602 -0.340254  0.932696  -1.14425
        0        -0         0         1
14	37	57
 0.500508   0.35017 -0.791753   2.85308
-0.628194  0.776192 -0.053826   1.16017
 0.595704  0.524315  0.608465  -2.89594
       -0         0         0         1
15	22	57
 0.867947  0.478886 -0.131664 -0.022547
-0.495146   0.81369 -0.304531  0.684605
-0.038702   0.32951  0.943359 -0.869382
        0         0         0         1
13	37	57
 0.916106  0.119185 -0.382812    1.6189
-0.192213  0.968476 -0.158457  0.848058
 0.351858  0.218744  0.910135  -2.84784
       -0         0         0         1
11	37	57
 -0.426968   0.801541   0.418605   0.360321
    -0.571  -0.597939   0.562519     2.5684
  0.701183 0.00115401   0.712981   -1.95101
        -0          0          0          1
10	37	57
 0.590959 -0.799935  0.104268   2.28424
  0.79212  0.599873  0.112687 -0.765568
 -0.15269     0.016  0.988145  -1.85102
       -0        -0         0         1
9	37	57
  0.70347  -0.64331  -0.30213   3.22767
 0.036618  0.457342 -0.888537     3.566
 0.709781  0.613996  0.345283  -2.00944
       -0         0         0         1
12	38	57
-0.542821  0.832476  0.111036   1.49056
 -0.75248 -0.540798  0.375914    3.9583
 0.372988  0.120502  0.919978  -1.68695
       -0         0         0         1
11	38	57
   -0.727381     0.503915     0.465818      2.05491
   -0.569817    -0.821771 -0.000798016      4.46336
    0.382393    -0.266012      0.88488    -0.800366
           0            0            0            1
10	38	57
-0.118537 -0.888536  -0.44323   5.05249
 0.408619  0.363177 -0.837337   2.12315
 0.904975 -0.280367  0.320023 -0.660899
        0         0         0         1
11	39	57
  0.85081  -0.02239  0.524996   -1.8768
-0.500741 -0.337452   0.79711   3.30623
 0.159314 -0.941076  -0.29832   4.21569
        0         0         0         1
12	39	57
-0.650377  0.702677  -0.28854   3.06298
-0.604154 -0.708753 -0.364235   5.76177
-0.460443 -0.062567  0.885482  0.796085
        0        -0         0         1
10	39	57
-0.699959  0.651572  0.292423   2.49433
  -0.5484 -0.228062 -0.804515   4.72275
-0.457509 -0.723492  0.516957   2.48103
       -0        -0         0         1
10	40	57
-0.476993  0.785697   -0.3939   2.39594
-0.078401 -0.484421 -0.871315   4.39683
-0.875403 -0.384729  0.292665   2.56959
        0        -0         0         1
11	40	57
 0.260085   0.95651  0.132078 -0.567155
-0.700187  0.281016 -0.656329   4.24786
-0.664901  0.078222  0.742824  0.531603
       -0         0        -0         1
15	26	57
-0.299304  0.525053 -0.796704   3.85784
 0.950544  0.236682 -0.201117  -1.01217
 0.082969 -0.817497 -0.569926   2.37602
        0         0         0         1
11	41	57
 0.278709  0.944637  0.173151  -1.58512
 0.634216 -0.316428  0.705438 -0.236139
 0.721173 -0.086797 -0.687296   2.22851
        0         0         0         1
12	41	57
 0.208724 -0.977922   0.01014   4.23113
 0.814193  0.179503  0.552149  -1.48271
-0.541779  -0.10699  0.833684  0.579178
       -0        -0        -0         1
15	27	57
-0.526743 -0.202385   0.82558      2.45
 0.848291 -0.187149  0.495355  -1.39301
 0.054254  0.961257  0.270261 -0.537481
       -0         0         0         1
15	28	57
-0.977992 -0.178139  0.108619   3.85977
 0.188534 -0.531548  0.825779  0.401456
-0.089367  0.828084  0.553435  -1.92141
        0         0         0         1
11	42	57
 0.713375  0.208763  0.668965  -1.48755
-0.116541  0.976646 -0.180503  0.942316
-0.691025  0.050804  0.721044  0.164089
       -0         0        -0         1
15	29	57
-0.949108  0.171647 -0.264066    4.9734
-0.308418 -0.676402  0.668849   1.56473
-0.063809  0.716253  0.694918  -1.82659
        0         0         0         1
10	44	57
-0.574458 -0.814223 -0.083904   5.81167
 0.723136 -0.456807 -0.518076    1.7835
 0.383501 -0.358286   0.85121  -1.60534
        0         0        -0         1
14	44	57
 0.828536  0.121107  0.546682  -2.37726
-0.442793  0.739308  0.507305  0.171301
-0.342728 -0.662387  0.666169   1.61342
        0        -0         0         1
11	44	57
 0.875402  0.424963 -0.230388  -1.18635
-0.464298   0.87182 -0.156069   1.42973
 0.134533  0.243591  0.960502  -2.44581
       -0         0         0         1
12	44	57
-0.372823 -0.871608 -0.318279   5.99942
 0.758104 -0.088332 -0.646124   1.73829
 0.535053 -0.482179  0.693702  -1.44468
        0         0        -0         1
11	45	57
-0.664763  0.450761  0.595739   2.15053
-0.721073 -0.178676 -0.669424   5.41574
-0.195306 -0.874579  0.443809   3.07394
       -0        -0         0         1
12	45	57
-0.432328 -0.888284  0.155063   5.55251
 0.527141 -0.388492 -0.755775    2.9781
 0.731584 -0.245002  0.636207  -1.75804
        0         0         0         1
13	45	57
-0.029484 -0.126684  0.991505  0.298105
-0.149557 -0.980211 -0.129688   5.24297
 0.988313  -0.15211  0.009954  -1.51357
        0         0         0         1
14	45	57
 -0.67666 -0.170731 -0.716228   5.01808
 0.564521  0.504205 -0.653524  0.139078
 0.472702 -0.846539 -0.244794   2.24182
        0         0        -0         1
10	45	57
-0.034034 -0.964094  0.263372   4.56143
 0.036596  -0.26455 -0.963677   4.13761
  0.99875  -0.02316  0.044286  -1.99035
        0         0         0         1
15	32	57
-0.698071 -0.021282  0.715712   1.83943
-0.707119  0.177689 -0.684405   4.02121
-0.112608 -0.983857 -0.139088   2.69444
        0         0        -0         1
13	46	57
 0.760147 -0.563445 -0.323584   1.57807
 0.568964  0.336717  0.750268  -1.18672
-0.313778 -0.754421  0.576534   2.12141
        0        -0         0         1
11	46	57
 0.906443  -0.22013  0.360421  -1.03439
 0.339034 -0.129595 -0.931805   1.68504
 0.251827  0.966824 -0.042839 -0.349187
       -0         0        -0         1
12	46	57
   -0.190747    -0.828503    -0.526496      5.13137
    0.940334 -0.000270009    -0.340253      2.03419
    0.281758    -0.559984     0.779121    -0.133896
           0            0           -0            1
10	46	57
0.365939 0.127548 0.921857 -0.40041
-0.825074 0.502699 0.257967  2.99188
-0.430513   -0.855 0.289194  3.39091
       0       -0        0        1
15	33	57
-0.900563  0.033931   -0.4334   4.16706
 0.434599  0.046142 -0.899442   2.60737
-0.010521 -0.998358 -0.056301   2.81075
        0         0        -0         1
12	47	57
 0.198163  0.403566 -0.893234   2.54041
 0.976929 -0.007282   0.21344 -0.598097
 0.079632 -0.914922 -0.395698   3.55196
        0         0         0         1
11	47	57
-0.318762 -0.317495 -0.893078   4.74616
-0.931044 -0.071686  0.357798   2.94352
 -0.17762  0.945546 -0.272751  0.865848
        0         0         0         1
10	47	57
 0.982088  0.108539  0.154019 -0.529365
-0.188311  0.593296  0.782649 -0.552651
-0.006431 -0.797633  0.603108   1.64216
        0        -0         0         1
14	47	57
 0.483771  0.059871 -0.873144   2.71685
 0.498433   0.80121  0.331099  -2.12847
 0.719396  -0.59538   0.35776 -0.424155
        0         0         0         1
15	34	57
-0.850616  -0.00557  0.525757   2.97883
-0.020266  0.999548   -0.0222  0.057131
-0.525396 -0.029539 -0.850345   5.09058
        0         0        -0         1
10	48	57
-0.993467  0.113811 -0.008356   3.34034
-0.113424 -0.976725  0.182052   2.73533
 0.012558   0.18181  0.983253  -2.49784
       -0         0         0         1
9	48	57
 0.945162  -0.18772  0.267265 -0.527408
 0.087223  0.933677  0.347332 -0.770363
 -0.31474 -0.304973  0.898849 -0.458387
       -0        -0        -0         1
12	48	57
-0.466704  0.870149 -0.158203   2.52485
-0.871382 -0.421816   0.25053    4.6564
 0.151266  0.254779  0.955095  -3.16427
       -0         0         0         1
8	34	57
  0.98824  0.011707  0.152462 -0.533088
-0.031381   0.99137  0.127279 -0.078146
-0.149656 -0.130567  0.980079 -0.153619
        0        -0         0         1
11	49	57
 0.892807  0.041411 -0.448532  0.933305
-0.391868  0.562429 -0.728089   3.41925
 0.222117  0.825808  0.518368  -1.32755
       -0         0         0         1
10	49	57
 0.321009  0.550015 -0.770997   2.60769
-0.882883  -0.12082 -0.453784   4.38019
 -0.34274  0.826369  0.446814 -0.035974
       -0         0         0         1
12	49	57
 0.440846 -0.860653  0.254815   1.22602
 0.863557   0.32926 -0.381912  0.780751
 0.244793  0.388412  0.888376  -1.88971
       -0         0         0         1
9	49	57
-0.216471 -0.189954  0.957631   0.94825
 0.821501 -0.565446  0.073537  0.950319
  0.52752  0.802613   0.27845  -1.19519
       -0         0         0         1
11	51	57
 0.725052  0.616418  -0.30713  0.884606
 0.631518 -0.417174  0.653567 -0.911554
 0.274744 -0.667828 -0.691752   3.44881
        0         0         0         1
10	53	57
-0.989178  0.142741 -0.033933   3.69238
 0.146568  0.950879 -0.272668   1.08619
-0.006655  -0.27469  -0.96151   4.47568
        0         0        -0         1
15	39	57
 -0.98328  0.023603 -0.180565   5.18937
-0.167545 -0.505714  0.846276   2.06927
-0.071339  0.862378  0.501213   -1.8117
        0         0         0         1
11	54	57
 0.982666 -0.180652 -0.041622  0.874753
 0.064411  0.543237 -0.837105    3.4027
 0.173835  0.819914  0.545457  -1.01537
       -0         0         0         1
13	54	57
-0.248437 -0.560754  0.789831  0.500793
 0.453575  0.653133  0.606372 -0.669505
-0.855891  0.508893  0.092081   1.58149
       -0        -0         0         1
11	55	57
  0.79342  0.546547 -0.267902  0.830194
 0.521379 -0.383141  0.762474  0.116176
 0.314084  -0.74464  -0.58895   3.53687
        0         0         0         1
15	40	57
-0.090874  0.857659  0.506125 -0.128016
 0.757389 -0.270468  0.594313 -0.496884
 0.646609  0.437341 -0.625004   1.13912
       -0         0        -0         1
11	56	57
 -0.36554  0.219947 -0.904436   4.83122
 -0.92616 -0.182807  0.329863   3.19404
-0.092785   0.95823  0.270529 -0.673595
        0         0         0         1
14	56	57
-0.117164  0.473246 -0.873104   4.02352
-0.714292 -0.650958 -0.256984   4.09221
-0.689971  0.593542  0.414305  0.023978
       -0         0        -0         1
12	56	57
-0.515701 -0.729256   0.44971    2.3476
 0.816658 -0.259676  0.515401 0.0898819
 -0.25908  0.633052  0.729467  -1.52572
        0         0         0         1
15	41	57
 -0.71524 -0.290594 -0.635599   5.68004
-0.692727  0.174379  0.699801   1.82367
-0.092523  0.940823 -0.326025    0.3793
        0         0         0         1
17	18	57
 0.812199  0.330989 -0.480395  0.442259
-0.319536  0.941359  0.108352  0.570289
 0.488087    0.0655  0.870334 -0.788084
       -0         0         0         1
16	17	57
  0.88198  0.284091  0.376037 -0.307554
 -0.40354   0.86739  0.291185   1.98689
-0.243447 -0.408566  0.879663    0.8853
        0         0         0         1
18	19	57
 0.861169  0.297881 -0.411891  0.467983
-0.298095   0.95229  0.065451  0.746871
 0.411736  0.066418   0.90888   -1.1369
       -0         0         0         1
16	18	57
 0.958998  0.109291 -0.261493   1.08331
  0.06545  0.812314  0.579537  0.562106
 0.275752 -0.572889  0.771854   0.59971
        0         0         0         1
17	19	57
 0.388341   0.51037 -0.767277   1.71021
-0.495744   0.81758  0.292919  0.961371
 0.776807   0.26662  0.570513  -1.51542
       -0         0         0         1
20	21	57
 0.970153  0.237009 -0.051273 -0.727187
-0.239138  0.900057 -0.364293  0.111831
-0.040192  0.365681  0.929872 -0.676957
        0         0         0         1
21	22	57
 0.581911  0.700358  0.413373 -0.940015
-0.685417  0.695929 -0.214209   1.87859
-0.437701 -0.158682  0.885007   1.47295
        0         0         0         1
18	20	57
 0.888624  0.156207 -0.431216   1.37945
-0.243858  0.957218  -0.15578  0.594448
 0.388434  0.243585  0.888699  -1.33959
       -0         0         0         1
15	42	57
 0.416025   0.35646  0.836576  -1.21327
 0.174746 -0.934161   0.31114   1.76804
 0.892405  0.016747 -0.450924   1.49591
       -0         0         0         1
17	20	57
   -0.428902    -0.890924    -0.149323      3.91372
    0.841618    -0.454152     0.292274    0.0129981
   -0.328209 -0.000315994     0.944605     0.590806
          -0           -0           -0            1
16	19	57
 0.600689  0.302281 -0.740134   2.36712
 0.128421  0.877263  0.462513  0.430651
 0.789101 -0.372875  0.488143 -0.683495
        0         0         0         1
20	22	57
 0.901125 -0.113419 -0.418462     1.107
 0.169776 -0.795789  0.581288   2.11611
-0.398937 -0.594858 -0.697849   5.16047
        0         0         0         1
18	21	57
 0.852335  -0.07031 -0.518249  0.364292
 0.414394  0.695325  0.587197  -1.37589
 0.319066 -0.715248  0.621786  0.652827
        0         0        -0         1
16	20	57
 0.687623  0.202286  -0.69732    2.9197
  0.11407  0.918381  0.378898  0.404464
 0.717052 -0.340082  0.608425 -0.333586
        0         0         0         1
15	43	57
-0.707571  0.135101  0.693608   2.12738
-0.154907  0.928024 -0.338785  0.145002
-0.689455 -0.347159 -0.635715   6.32912
