3	4	50
 0.951563 -0.172097  0.254777 -0.000989
 0.191342  0.980113 -0.052593  0.125182
 -0.24066  0.098795  0.965569  0.288968
        0         0         0         1
6	7	50
 0.981741   0.03896  -0.18619 -0.183948
 0.003093  0.975402  0.220412 -0.789726
 0.190197 -0.216963  0.957472  0.104868
        0         0         0         1
2	3	50
 0.743258  0.340481 -0.575882  0.963858
-0.238402  0.939091  0.247531  0.372839
 0.625086 -0.046688  0.779159 -0.121661
        0         0         0         1
1	2	50
 0.971183 -0.078277  0.225113 -0.343347
 0.057552  0.993599  0.097203    -0.303
 -0.23128 -0.081446  0.969472  0.490999
       -0        -0        -0         1
3	5	50
 0.983339  0.104732  0.148581 -0.329585
-0.040499  0.923029 -0.382594  0.661108
-0.177215  0.370202  0.911891  0.435439
        0         0         0         1
4	5	50
 0.878895 -0.058588  0.473403 -0.149277
 0.247594  0.904303 -0.347754  0.172641
-0.407726  0.422851  0.809294  0.424694
        0         0         0         1
5	6	50
     0.88803 -0.000477008    -0.459785     0.510987
   -0.110115     0.970677    -0.213683     0.377818
    0.446405     0.240386     0.861938     -0.93189
          -0            0            0            1
7	8	50
 0.902347 -0.204173  0.379582  -0.23222
 0.111278  0.961183  0.252477 -0.049278
-0.416396 -0.185583  0.890041  0.913917
        0         0         0         1
6	8	50
 0.969931 -0.096157   0.22358 -0.636655
  -0.0064  0.908249  0.418381 -0.624507
-0.243296 -0.407231  0.880324   0.87054
        0         0         0         1
5	7	50
 0.712878  0.120426 -0.690871   0.54189
-0.123107  0.991337  0.045773 -0.488171
 0.690399  0.052421  0.721528  -1.13419
       -0         0         0         1
1	3	50
 0.888754  0.277668 -0.364716  0.595063
-0.082173  0.879275  0.469172 -0.165105
  0.45096 -0.387008  0.804276  0.603632
        0         0         0         1
0	1	50
 0.909975 -0.160049   0.38253 -0.215451
 0.107505  0.982026  0.155139 -0.597023
-0.400485 -0.100049  0.910825   1.03875
        0         0         0         1
4	7	50
0.037056 0.224628 -0.97374  1.52357
-0.481553 0.857825 0.179563 0.269514
0.875633 0.462253 0.139958 -1.27597
       0        0        0        1
7	9	50
 0.760744 -0.330112  0.558832 -0.369438
 0.135681  0.922859  0.360445 -0.267019
-0.634711 -0.198384   0.74685   1.61911
       -0        -0        -0         1
6	9	50
 0.872253 -0.239915  0.426163  -1.04637
-0.018496  0.854595  0.518965 -0.697788
-0.488704 -0.460551  0.740986   1.50304
       -0        -0        -0         1
0	2	50
 0.770567 -0.263302  0.580429 -0.354516
 0.153304  0.960512  0.232196 -0.822232
-0.618647 -0.089941  0.780504   1.61733
        0         0         0         1
5	10	50
-0.983225  0.160311  0.087001   1.93691
-0.023618 -0.584868  0.810784  0.758023
 0.180862  0.795128  0.578844  -1.27313
       -0         0         0         1
7	10	50
   0.30283   -0.53065   0.791647 -0.0333319
  0.204412   0.847484   0.489884  -0.522717
 -0.930865    0.01347   0.365115     2.3611
        -0         -0          0          1
6	10	50
  0.62915 -0.420707  0.653587 -0.865987
-0.032046  0.826105  0.562604 -0.721743
-0.776623 -0.374907  0.506262   2.38206
       -0        -0        -0         1
4	10	50
 0.890704  0.253535 -0.377315 -0.110612
-0.236673  0.967293  0.091269  0.256294
 0.388114  0.008006  0.921577  -1.12082
       -0         0         0         1
5	11	50
  0.93648   0.16107 -0.311547  0.051841
-0.00251299  0.891364  0.453281 -0.812885
 0.350712 -0.423706   0.83515  0.202885
        0         0         0         1
6	11	50
 0.060477 -0.538365  0.840539  0.227739
-0.033974  0.840482  0.540773 -0.723602
-0.997591 -0.061261  0.032539   2.82772
       -0        -0        -0         1
5	12	50
 0.931634 -0.186595  0.311835 -0.726668
 0.083431  0.945011  0.316216 -0.818363
-0.353692 -0.268581  0.895972  0.446573
       -0        -0        -0         1
3	12	50
 0.190797  0.493229 -0.848718   2.03825
-0.524759  0.781939  0.336452   0.77017
 0.829593  0.381178  0.408017  -1.41083
       -0         0         0         1
6	12	50
 0.879562 -0.235308  0.413521 -0.247714
-0.039099   0.83045   0.55572 -0.786339
-0.474174 -0.504959  0.721232   1.35688
       -0        -0        -0         1
4	12	50
   0.951331       0.205   -0.230096   -0.156348
  -0.209907    0.977716    0.003219 0.000159001
   0.225628    0.045236    0.973163   -0.543312
         -0           0           0           1
3	14	50
  0.34769 -0.201837  0.915627   0.01199
 0.375341  0.924855  0.061344  -1.20877
-0.859204  0.322344   0.39732   1.64332
       -0        -0         0         1
1	14	50
 0.607207 -0.497369  0.619616  0.507902
 0.319844  0.866872  0.382405  -1.00999
-0.727324 -0.034019  0.685451   2.09746
        0         0         0         1
5	16	50
 0.853017  0.521665  0.015114 -0.572591
-0.463478  0.743923  0.481421 -0.150356
 0.239896 -0.417665  0.876359  0.305451
        0         0        -0         1
6	16	50
 0.975741 -0.101499  0.193979  0.384194
-0.035394  0.801246  0.597288  -0.92449
-0.216049 -0.589664  0.778215   1.16863
       -0        -0        -0         1
3	16	50
 0.974591  0.149217 -0.167052   0.08279
-0.136721   0.98704  0.084022 -0.209493
 0.177425 -0.059047  0.982361  0.057875
        0         0         0         1
4	16	50
 0.993178  0.061842 -0.098854  0.201119
-0.060063  0.997976  0.020872 -0.387871
 0.099945 -0.014792  0.994883  -0.29217
        0         0         0         1
5	17	50
 0.921548  0.183789 -0.342011  0.362079
-0.075186  0.948669  0.307205 -0.363795
 0.380916 -0.257389  0.888062 -0.812945
        0         0         0         1
7	17	50
 0.996036 -0.021194  0.086395 -0.131817
-0.002433  0.964352  0.264611  0.117068
-0.088923 -0.263772  0.960478  0.352491
       -0        -0        -0         1
6	17	50
 0.987567  0.079122 -0.135835  -0.27189
-0.004378  0.877607  0.479361  -0.61785
 0.157138 -0.472807  0.867042 -0.096362
        0         0         0         1
4	17	50
 0.513717  0.405106 -0.756296   1.30835
-0.439253    0.8814  0.173753  0.519117
 0.736988  0.242946  0.630734  -1.26742
       -0         0         0         1
7	18	50
  0.952408  -0.137797   0.271902  -0.281412
  0.041836   0.942641   0.331177 0.00731199
 -0.301941   -0.30404   0.903544   0.935587
        -0         -0         -0          1
6	18	50
 0.982673 -0.075488  0.169276 -0.519257
-0.013298  0.882233  0.470625 -0.610558
-0.184868 -0.464722  0.865943  0.629001
       -0        -0        -0         1
4	18	50
0.432571 0.424074 -0.79564  1.33179
-0.428991  0.87299 0.232069 0.385292
   0.793 0.240936 0.559554 -1.09644
      -0        0        0        1
7	19	50
  0.76504 -0.302912  0.568295 -0.395803
 0.133252   0.93783  0.320497 -0.062369
-0.630046 -0.169467  0.757841   1.43309
       -0        -0        -0         1
6	19	50
 0.998056  0.024298 -0.057389 -0.310022
 0.008166  0.861936  0.506952 -0.616271
 0.061783 -0.506435  0.860062  0.166616
        0         0         0         1
4	19	50
 0.716361  0.302065 -0.628954  0.732629
 -0.30384  0.946523  0.108516  0.426108
 0.628099  0.113364  0.769831  -1.18604
       -0         0         0         1
0	15	50
 0.973019  -0.10744  0.204181  0.218719
  -0.0013  0.882394  0.470509 -0.658029
 -0.23072  -0.45808  0.858447   1.35092
        0         0         0         1
5	20	50
 0.524034     0.483 -0.701498   1.70285
-0.189098  0.869071  0.457118 -0.367293
  0.83044 -0.106893  0.546757 -0.479372
        0         0         0         1
7	20	50
 0.564709 -0.421068  0.709792 -0.471721
 0.168513  0.900762  0.400289 -0.182259
-0.807903 -0.106438  0.579624   1.75756
       -0        -0        -0         1
6	20	50
 0.984682  0.069259 -0.160015 -0.422707
 0.037544  0.811977  0.582481 -0.694438
 0.170271 -0.579566  0.796938   0.08673
        0         0         0         1
4	20	50
-0.811544  0.277036 -0.514439   2.89629
-0.303692  0.552182  0.776445 -0.544688
 0.499167   0.78635 -0.363986  0.742817
       -0         0        -0         1
5	21	50
-0.991181 -0.071801  0.111373   2.25353
-0.010181 -0.796729 -0.604251   3.88653
  0.13212 -0.600056  0.788972  0.277793
        0         0         0         1
3	21	50
 0.641454 -0.258202  0.722405  -1.16031
 0.326302  0.944062  0.047689 -0.138967
-0.694309  0.205132  0.689824  0.922037
       -0        -0         0         1
7	21	50
 0.817217 -0.304843  0.489109  -0.87078
 0.138295  0.927589  0.347063 -0.052361
-0.559492 -0.215984    0.8002  0.961698
       -0        -0        -0         1
6	21	50
-0.787546 -0.303947  0.536086    1.9281
0.00247601   0.86834  0.495963 -0.604905
-0.616251  0.391921 -0.683105   3.34436
        0         0         0         1
5	22	50
 0.888801  0.129147  -0.43972  0.172373
-0.020599  0.969761  0.243184 -0.405532
  0.45783 -0.207085  0.864585  -1.03478
        0         0         0         1
7	22	50
 0.319188 -0.459335  0.828933 -0.367359
 0.109507  0.886704  0.449181 -0.317525
-0.941343 -0.052599  0.333325   2.51683
       -0        -0        -0         1
6	22	50
-0.056716 -0.393413  0.917611 -0.308413
-0.066056  0.918555  0.389735  -0.43683
-0.996203  -0.03851 -0.078084   3.44612
        0        -0         0         1
3	22	50
 0.501475 -0.361764  0.785907 -0.987942
 0.467613  0.877603  0.105597 -0.657031
-0.727916  0.314546  0.609261   1.20883
       -0        -0         0         1
4	22	50
   0.915819    0.133084   -0.378898 0.000715016
  -0.169204    0.983532   -0.063521    0.252643
   0.364205    0.122285    0.923256   -0.965637
         -0           0           0           1
5	23	50
 0.292793  0.411133 -0.863274   1.72432
-0.163881  0.911058  0.378307 -0.543071
 0.942027  0.030708  0.334128  -1.08616
       -0         0         0         1
3	23	50
 -0.99565 -0.004722 -0.093053   2.55804
-0.077684  0.593476  0.801094 -0.917378
 0.051442  0.804838 -0.591261   1.53928
        0         0         0         1
6	23	50
-0.145593 -0.287369   0.94669  0.464761
 -0.01544  0.957429  0.288255 -0.598987
-0.989224  0.027351 -0.143832   2.96205
        0         0         0         1
5	24	50
   0.8391 -0.193679   0.50833  -1.22831
 0.109531  0.975486  0.190867  -0.88753
-0.532835 -0.104479  0.839744  0.695222
       -0        -0        -0         1
6	24	50
 0.701479 -0.202424  0.683339 -0.992292
 -0.08244  0.929333  0.359923   -0.6608
-0.707906 -0.308813  0.635219   1.89448
       -0        -0        -0         1
4	24	50
 0.996107 -0.047737  0.074107 -0.750523
 0.062019  0.976939 -0.204312 -0.367045
-0.062645  0.208112  0.976097 -0.175316
        0         0         0         1
5	25	50
-0.956744 -0.155269  0.246032   2.25643
 0.043995  0.758732  0.649915  -1.08324
-0.287585  0.632627 -0.719081   1.77367
        0         0         0         1
7	25	50
-0.767127  0.300623 -0.566694   2.89124
-0.178923  0.748069  0.639046   -0.2692
 0.616038  0.591624 -0.520075   1.09748
        0         0         0         1
3	25	50
-0.920839 0.200139 0.334663  1.65879
0.009357 -0.84665 0.532068  1.51872
 0.38983  0.49308 0.777756 -1.13768
       0        0        0        1
6	25	50
 0.998507  0.041878 -0.035084 -0.218026
-0.022182  0.897642  0.440167  -0.80499
 0.049926 -0.438732   0.89723  0.220688
        0         0         0         1
4	25	50
 0.927152   0.15035 -0.343198   0.30392
-0.169482  0.985183 -0.026262   0.05655
 0.334164  0.082515  0.938896 -0.998193
        0         0         0         1
7	26	50
 -0.50054 -0.335968  0.797863  0.851663
 -0.20159 -0.851057 -0.484834   4.76165
 0.841915  -0.40352   0.35826   0.27763
        0         0         0         1
4	26	50
-0.931041 -0.145547  0.334631   2.11618
   0.1829   0.60739  0.773063  -1.42291
-0.315769  0.780957 -0.538884   1.94792
        0         0         0         1
5	27	50
 0.791035  0.162867 -0.589693  0.368217
-0.103657  0.985656  0.133179 -0.131338
 0.602925 -0.044223  0.796572  -1.27064
        0         0         0         1
7	27	50
 0.998846 -0.006906  0.047526 -0.094518
 0.000508  0.991072  0.133328  0.265821
-0.048023  -0.13315  0.989932 -0.078452
       -0        -0        -0         1
5	28	50
 0.937069   0.08167 -0.339457  0.403083
-0.147761  0.973661  -0.17364 -0.271815
 0.316335  0.212871  0.924455 -0.498009
       -0         0         0         1
3	29	50
 0.757347 -0.361567  0.543778 -0.466792
 0.411821  0.910704  0.031979 -0.709914
-0.506783   0.19972   0.83862   1.36353
        0         0         0         1
4	29	50
-0.316286  0.858348  0.403983  0.388544
-0.512688 -0.512958  0.688495   2.08015
 0.798194  0.010644  0.602306  -0.33479
        0         0         0         1
0	23	50
 -0.07851 -0.277211  0.957596  0.339821
 0.212658  0.933795  0.287756 -0.720536
-0.973967  0.226232 -0.014361   3.19523
        0         0         0         1
5	31	50
 0.987736  0.141204  0.066622   0.01605
-0.147594  0.983623  0.103454  -0.20492
-0.050923 -0.112018  0.992401  0.026831
        0        -0         0         1
3	31	50
 0.982973 -0.036668  0.180054 -0.312807
 0.076213  0.972985 -0.217925 -0.036665
  -0.1672  0.227937  0.959213  0.362128
        0         0         0         1
6	31	50
 0.854336  -0.13298   0.50242 -0.166634
-0.042535  0.945578  0.322603 -0.546291
-0.517977 -0.296982  0.802185   1.64894
        0         0         0         1
4	31	50
 0.731028  0.239274  -0.63902  0.523497
-0.360227  0.930694 -0.063607  0.162504
 0.579512  0.276691  0.766556 -0.572528
        0         0         0         1
5	32	50
 0.880052  0.130954 -0.456465  0.392683
 -0.08104  0.988541  0.127357 -0.242123
 0.467912 -0.075088  0.880579  -1.27696
        0         0         0         1
7	32	50
 0.968853 -0.084069  0.232928 -0.340397
 0.059298  0.992006  0.111389  0.144386
-0.240431 -0.094107  0.966094  0.175998
        0         0         0         1
4	32	50
 0.959742 -0.082841  0.268391 -0.459782
 0.117864  0.986101 -0.117102 -0.188449
-0.254959  0.144022  0.956166 -0.097363
        0         0         0         1
6	32	50
 0.978043  0.111983 -0.175761 -0.396525
-0.043397  0.934316  0.353795 -0.592378
 0.203836 -0.338399   0.91866 -0.220073
        0         0         0         1
5	33	50
-0.619777  0.404056 -0.672767   2.85165
-0.143657  0.784371  0.603427 -0.502302
 0.771517  0.470638  -0.42809  0.754653
       -0         0        -0         1
4	33	50
 0.709818  0.366879 -0.601297   1.41853
-0.451713  0.892095   0.01107  0.419106
 0.540475  0.263756  0.798949 -0.486059
       -0         0         0         1
0	26	50
 0.957586    0.1465 -0.248125  0.257756
-0.102093  0.977745  0.183279 -0.022945
 0.269454 -0.150173  0.951232 -0.057275
        0         0         0         1
2	34	50
 0.945171 -0.317588  0.076094  0.301104
 0.269778  0.890605  0.366117 -0.266293
-0.184044 -0.325514  0.927453   1.30361
        0         0         0         1
5	35	50
-0.972576  0.161241 -0.167622   3.08816
-0.035926 -0.816189 -0.576667   3.36431
-0.229793 -0.554831  0.799599    1.3514
        0        -0         0         1
2	35	50
-0.929298  0.332006 -0.161797   2.70579
 0.125918  0.696642  0.706283 -0.891379
 0.347204  0.635974 -0.689193   2.35199
        0         0         0         1
1	36	50
 0.737258  0.580267  0.346035 -0.643914
 0.636235 -0.768609 -0.066673   2.03189
 0.227278  0.269315 -0.935849   3.17941
        0         0         0         1
2	36	50
 0.993754 -0.012027 -0.110946  0.883196
 0.029495   0.98713  0.157178 -0.725754
 0.107627 -0.159468  0.981319    1.0518
        0         0         0         1
2	37	50
 0.886375  0.456591 -0.076572 -0.581621
 -0.43098   0.87418  0.223751 -0.298993
 0.169101 -0.165326  0.971634  0.610453
        0         0         0         1
5	38	50
 0.892064  0.291573 -0.345264   0.59132
0.00391802  0.758993  0.651087  -1.11864
 0.451892 -0.582164  0.675928  0.115973
        0         0         0         1
4	39	50
-0.211463 -0.724957  0.655531  0.879369
 0.515413   0.48715  0.705006  -1.26032
-0.830441  0.486952  0.270638   2.00109
        0         0         0         1
4	40	50
-0.133944 -0.63133 0.763859  1.12275
0.400582 0.670531 0.624437  -1.1779
-0.906418 0.389628 0.163086  2.66923
       0        0        0        1
5	41	50
-0.985378  0.132875 -0.106647   3.07826
 0.013863  0.686389  0.727102 -0.581201
 0.169815  0.714993 -0.678195   0.86365
       -0         0        -0         1
3	41	50
-0.537979 -0.540727  0.646678   1.21507
 0.498991  0.414025  0.761309 -0.939122
-0.679401  0.732255  0.047081   1.71045
       -0        -0         0         1
4	41	50
-0.997426  0.041026 -0.058803   3.02107
 0.043687 -0.302571 -0.952125   3.19215
-0.056854 -0.952243       0.3   2.28407
        0        -0         0         1
0	31	50
 0.956934 -0.114221  0.266892  0.293334
 0.095785  0.992089  0.081147 -0.300049
-0.274049 -0.052088  0.960304   1.08902
        0         0         0         1
5	42	50
-0.858479  0.226827 -0.459961   3.00219
 -0.20221  0.674506  0.710037 -0.179927
 0.471302   0.70256 -0.533183 0.0276961
       -0         0        -0         1
4	42	50
 0.997925 -0.064324 -0.002912  0.229461
 0.063837  0.982422   0.17542 -0.345358
-0.008423 -0.175242  0.984489  0.448887
        0        -0         0         1
0	32	50
 0.909617  0.138208 -0.391785  0.888363
-0.051448  0.973257  0.223884 -0.148827
  0.41225 -0.183492  0.892402 -0.310662
        0         0         0         1
5	44	50
-0.673238 -0.306287 -0.673008   4.13332
 0.343431 -0.935571  0.082232   2.28085
-0.654833 -0.175769   0.73505   1.82321
       -0        -0        -0         1
2	44	50
 0.674219 -0.241523  0.697922 -0.891582
 0.287444  0.956315  0.053261 -0.633695
-0.680297  0.164704  0.714191   1.97633
        0         0         0         1
0	33	50
 0.890974 -0.449689 -0.062814   1.05701
 0.451774  0.891822  0.023505 -0.681918
 0.045449  -0.04932  0.997748  0.276776
        0         0         0         1
3	45	50
 0.946711  0.012072  0.321857  -1.67647
 0.151623  0.864939 -0.478425  0.263606
-0.284162  0.501732  0.817017  0.141609
        0         0         0         1
0	34	50
 0.495066 -0.685775    0.5335  0.784244
 0.463547  0.727808  0.505391 -0.604872
 -0.73487 -0.002899  0.678202   2.19672
        0         0         0         1
1	48	50
 0.732161  0.091864 -0.674908   1.30289
 -0.15197  0.987918 -0.030392  0.207525
 0.663962  0.124818  0.737275  0.258834
        0         0         0         1
2	48	50
 0.612606   0.11101 -0.782554   1.51671
-0.256444  0.964442  -0.06394  0.410994
 0.747629  0.239851  0.619291  0.195731
        0         0         0         1
3	49	50
 0.857784 -0.488611 -0.159582   1.33389
 0.283803   0.70906 -0.645515  0.637919
 0.428559  0.508422   0.74689 -0.274928
        0         0         0         1
2	49	50
 0.784474 -0.040816 -0.618817  0.963765
-0.037166  0.992944 -0.112608  0.148934
 0.619047  0.111336  0.777422  0.208386
        0         0         0         1
8	9	50
 0.953634 -0.151522  0.260046 -0.432275
 0.120593  0.984005  0.131116 -0.419625
-0.275753 -0.093676  0.956653  0.651095
       -0        -0        -0         1
13	14	50
 0.803625  0.266432 -0.532167  0.142649
-0.181403  0.961302  0.207344 -0.279264
 0.566816  -0.07009  0.820858 -0.326738
        0         0         0         1
11	12	50
 0.908027 -0.194959  0.370781 -0.352289
 0.210966   0.97749 -0.002678 -0.333107
-0.361913  0.080654  0.928716  0.491057
        0         0         0         1
12	13	50
 0.957608 -0.156928  0.241578 -0.404347
 0.149657  0.987559  0.048277 -0.235527
-0.246149 -0.010077   0.96918  0.233658
        0         0         0         1
10	11	50
 0.798033 -0.346668  0.492914  0.324356
  0.35692  0.930965  0.076894 -0.505137
-0.485542  0.114567  0.866674  0.724174
        0         0         0         1
9	10	50
 0.910571 -0.249714  0.329399 -0.286787
 0.225936  0.967995  0.109262 -0.477025
-0.346141 -0.025067  0.937848  0.580257
       -0        -0        -0         1
8	10	50
 0.751661 -0.332784  0.569438 -0.600768
 0.242493  0.942344   0.23062 -0.695063
-0.613353 -0.035263  0.789021   1.29533
       -0        -0        -0         1
11	13	50
 0.900812 -0.198253  0.386307 -0.611742
 0.208654   0.97787  0.015291 -0.346418
 -0.38079   0.06683  0.922244  0.403797
        0         0         0         1
10	12	50
 0.449561 -0.467846  0.760931  0.431769
  0.47758  0.845779  0.237857 -0.911243
-0.754859  0.256474  0.603663   1.34458
        0         0         0         1
9	11	50
  0.87484 -0.294587  0.384543 -0.547639
 0.248854  0.954386  0.164981 -0.635303
-0.415603 -0.048637  0.908245  0.882144
        0         0         0         1
8	11	50
 0.177611 -0.602456   0.77814  0.311971
 0.396634  0.767468  0.503661  -1.04234
-0.900631  0.219181  0.375265   1.88905
       -0        -0         0         1
10	13	50
 0.186077 -0.484361   0.85485  0.381851
 0.542913  0.775845  0.321419  -1.20947
-0.818914  0.404301  0.407333   1.70825
        0         0         0         1
9	12	50
 0.258545 -0.502968  0.824729  0.453901
  0.47104   0.81102   0.34694 -0.952269
-0.843372   0.29878  0.446603   1.42408
       -0        -0         0         1
14	16	50
-0.042605  0.497987 -0.866137   2.23007
-0.518076  0.730251  0.445343  0.352683
 0.854273  0.467699  0.226883 -0.598697
        0         0         0         1
13	16	50
-0.499305  0.429132 -0.752689   2.28455
-0.375416   0.67579  0.634327 -0.470546
 0.780869  0.599294 -0.176322  0.609687
       -0         0        -0         1
8	12	50
 0.944535 -0.142979  0.295652 -0.207072
 0.110566  0.986144  0.123675  -0.30895
-0.309238 -0.084126  0.947256  0.339634
       -0        -0        -0         1
12	16	50
 0.980167  0.039685  -0.19416    0.5123
-0.042605  0.999033 -0.010885 -0.282089
  0.19354  0.018942  0.980909  0.169086
        0         0         0         1
10	14	50
 0.735313 -0.389067  0.554925 -0.465969
 0.357306  0.918313   0.17039  -1.21257
-0.575888  0.072989  0.814264    1.6492
        0         0         0         1
9	13	50
-0.211356 -0.460452  0.862156  0.744365
 0.484259  0.716877  0.501578  -1.31956
-0.849012  0.523519  0.071461   2.09398
        0         0         0         1
8	13	50
-0.527177 -0.421615  0.737785   1.25212
 0.331595   0.69733  0.635434  -1.29156
-0.782387  0.579631  -0.22781   2.48307
        0         0         0         1
11	16	50
 0.564077 -0.371625  0.737368  0.643002
   0.4238  0.896705  0.127727 -0.794206
-0.708668  0.240449  0.663306   1.00723
       -0        -0         0         1
13	17	50
 0.201579  0.456208 -0.866741   2.26289
-0.502402  0.807789  0.308334  0.477301
 0.840808  0.373299  0.392033 -0.336769
       -0         0         0         1
9	14	50
 0.380626 -0.488551  0.785138  0.407337
 0.461385  0.836147  0.296617  -1.41868
-0.801404  0.249351   0.54367   2.13405
       -0        -0         0         1
11	17	50
 0.519015   0.35183 -0.778999    1.8586
-0.461992  0.882239  0.090652  0.708363
 0.719157  0.312842  0.620438 -0.753546
        0         0         0         1
13	18	50
-0.664234  0.281002 -0.692699   3.32679
-0.338339  0.713293  0.613791 -0.266105
 0.666574  0.642068  -0.37872   1.13902
        0         0         0         1
12	18	50
 0.999745 -0.003691  0.022285 -0.466378
 0.005607  0.996233 -0.086531  0.295467
-0.021881  0.086634     0.996   0.01558
        0         0         0         1
10	16	50
 0.632169 -0.392953  0.667795   1.32785
 0.429159  0.895158  0.120478 -0.665451
-0.645125  0.210428   0.73453  0.766802
        0         0         0         1
11	18	50
 0.997304 -0.039224  0.062026  0.009734
 0.045055    0.9944 -0.095601  0.156749
-0.057929  0.098138  0.993485  0.015202
        0         0         0         1
8	16	50
 0.996277  0.070686  -0.04935  0.820927
-0.063062  0.987874  0.141871 -0.426293
 0.058779 -0.138231  0.988654   0.25289
        0         0         0         1
10	17	50
 0.980335 -0.068063   0.18523  0.107611
 0.088185  0.990801 -0.102647  0.178247
 -0.17654  0.116963   0.97732  0.085546
        0         0         0         1
9	16	50
 0.830014  0.254315 -0.496388   1.52143
-0.250427  0.965168  0.075745 -0.177094
 0.498361   0.06144   0.86479 -0.148088
       -0         0         0         1
12	19	50
-0.007185   0.49206 -0.870532   2.36776
 -0.46764  0.767841  0.437874  0.312328
  0.88389  0.410242  0.224589 -0.203219
        0         0         0         1
13	19	50
-0.220671  0.516671 -0.827257     2.769
-0.468753   0.68761  0.554493  0.249183
 0.855322   0.51014  0.090455 0.0135101
       -0         0         0         1
8	17	50
 0.869054  0.248567 -0.427738  0.487723
-0.211555  0.968292  0.132869  0.299102
 0.447202 -0.024981  0.894084 -0.617373
        0         0         0         1
11	19	50
  0.42973  0.435882 -0.790784   1.76567
-0.471656  0.855156  0.215055  0.448533
 0.769982  0.280562  0.573073 -0.422992
       -0         0         0         1
10	18	50
 0.641601 -0.323396  0.695531  0.269855
 0.399313  0.915035  0.057107 -0.504026
-0.654903  0.241095  0.716223   1.20401
        0         0         0         1
9	17	50
 0.741636  0.330314  -0.58384   1.09372
-0.343726  0.934543  0.092102  0.588445
 0.576046  0.132374  0.806628 -0.847281
        0         0         0         1
8	18	50
 0.999157  0.041026 -0.001313   0.05994
-0.040827  0.996614  0.071371  0.113103
 0.004237 -0.071257  0.997449 -0.078026
        0         0         0         1
11	20	50
 0.741257  0.402199 -0.537376   1.08709
-0.390073   0.90965  0.142759  0.473828
 0.546242  0.103795  0.831172 -0.408707
        0         0         0         1
13	20	50
  0.91133  0.246465 -0.329748  0.699498
-0.213453  0.967797  0.133441  0.242574
 0.352017 -0.051223  0.934591  0.071396
        0         0         0         1
12	20	50
 0.379445   0.45608 -0.804992   1.87018
-0.536443  0.817337  0.210214  0.751776
 0.753824  0.352068  0.554795 -0.584196
        0         0         0         1
10	19	50
 0.944093  0.121204 -0.306591  0.919732
-0.134789  0.990597 -0.023447  0.327373
 0.300866  0.063461  0.951553 -0.277926
        0         0         0         1
9	18	50
 0.922465  0.195669 -0.332825  0.663812
-0.200592  0.979473  0.019871   0.41237
 0.329881  0.048432  0.942779 -0.503936
        0         0         0         1
8	19	50
 0.953325 -0.185493  0.238251 -0.200097
 0.160196   0.97956   0.12165 -0.224641
-0.255946 -0.077806  0.963555  0.421449
       -0        -0        -0         1
8	20	50
 0.839023 -0.292251  0.458944 -0.599406
 0.203269  0.950788  0.233844  -0.37937
  -0.5047 -0.102912  0.857139  0.980671
       -0        -0        -0         1
10	20	50
 0.998863  0.044159 -0.017991   0.32243
-0.043704  0.998733  0.024959  0.261611
  0.01907 -0.024144  0.999527 -0.046678
        0         0         0         1
9	19	50
 0.999351 -0.034181 -0.011409  0.254822
  0.03415  0.999413 -0.002884  0.145524
   0.0115  0.002492  0.999931 -0.136989
       -0         0         0         1
13	21	50
 0.402934  0.470399 -0.785092   1.83309
-0.463983  0.844395    0.2678  0.572199
 0.788901  0.256363  0.558492 -0.457668
       -0         0         0         1
12	21	50
 0.554347  0.430929 -0.712039   1.76553
-0.412658   0.88527    0.2145  0.314181
 0.722781  0.174921  0.668573 -0.186304
        0         0         0         1
11	21	50
 0.924763  0.169797 -0.340561  0.435194
-0.186415  0.982334 -0.016421  0.443074
 0.331756  0.078671  0.940079 -0.426685
       -0         0         0         1
14	21	50
 0.847709  0.224774 -0.480485  0.919137
-0.265875  0.963836 -0.018187   1.44558
 0.459021  0.143167  0.876814  -1.53147
       -0         0         0         1
8	21	50
 0.590639 -0.393935  0.704245  -0.43632
 0.347224  0.911883  0.218871 -0.587555
 -0.72841  0.115257  0.675378   1.33571
       -0        -0         0         1
10	21	50
 0.952637 -0.154592  0.261886   0.05966
 0.168639  0.985162 -0.031896  0.060157
-0.253069   0.07455  0.964572  0.289802
        0         0         0         1
9	20	50
 0.947663  -0.16253  0.274807 -0.204798
 0.132077  0.983195  0.126032 -0.100201
-0.290672  -0.08314  0.953204  0.389621
        0         0         0         1
9	21	50
 0.842292 -0.289103  0.454933 -0.503109
 0.273815  0.956478  0.100869 -0.298791
-0.464295  0.039606  0.884795  0.684009
       -0        -0         0         1
8	22	50
 0.624493 -0.328403  0.708633 -0.937936
 0.330593  0.933163  0.141118 -0.555111
-0.707613  0.146142  0.691322   1.19619
       -0        -0         0         1
11	22	50
 0.982084   0.09174 -0.164605  0.078958
-0.108178  0.989694  -0.09383  0.223609
   0.1543  0.109955  0.981887 -0.166662
       -0         0         0         1
12	22	50
  0.79367  0.237798 -0.559947  0.766876
-0.289898  0.957047 -0.004464  0.597148
 0.534834   0.16587  0.828517 -0.695781
        0         0         0         1
10	22	50
 0.964421 -0.123518  0.233741   0.06189
 0.147712  0.985023 -0.088938  0.304911
-0.219255  0.120301  0.968223 -0.245307
        0         0         0         1
14	22	50
 0.927087  0.161251 -0.338389   1.12616
-0.187617  0.981142 -0.046476  0.597755
 0.324513  0.106575  0.939858 -0.548319
       -0         0         0         1
9	22	50
 0.641987 -0.318186  0.697575  -1.28737
 0.352903  0.930346  0.099579 -0.751008
 -0.68067  0.182248  0.709559    1.5623
       -0        -0         0         1
12	23	50
 0.914394  0.247036 -0.320713 -0.186087
-0.229127  0.968937  0.093074  0.116771
 0.333743 -0.011622  0.942593 -0.191932
        0         0         0         1
14	23	50
-0.167489  0.364253 -0.916115   3.07779
-0.536699   0.74579  0.394653  0.583922
 0.826983  0.557778  0.070583 -0.517664
        0         0         0         1
11	24	50
 0.818914 -0.206629  0.535429 -0.604266
 0.319592  0.939088 -0.126395 -0.628465
-0.476698  0.274626  0.835069  0.837157
        0         0         0         1
12	24	50
 0.794541  -0.19285  0.575771 -0.687362
 0.287494  0.954685 -0.076966 -0.738568
-0.534837  0.226684   0.81398   1.39404
        0         0         0         1
10	24	50
 0.228172 -0.407685  0.884155  0.596854
 0.390264  0.870262  0.300565  -1.28214
-0.891982  0.276473  0.357674   2.37762
        0         0         0         1
9	24	50
-0.997144  0.023364 -0.071826   3.25432
-0.034777  0.702123  0.711206 -0.988829
 0.067047  0.711672 -0.699305   1.73203
        0         0         0         1
8	25	50
-0.999494 -0.030677 -0.008399   3.10501
-0.027164  0.685961  0.727131 -0.890637
-0.016545  0.726992 -0.686447   1.80265
        0         0         0         1
13	25	50
 0.938321 -0.215843  0.270121  -0.15964
 0.210791  0.976355  0.047939 -0.619109
-0.274081  0.011957  0.961632   0.82661
        0         0         0         1
11	25	50
 0.944932 -0.155999  0.287695 -0.422531
 0.172088  0.984583 -0.031346 -0.347822
-0.278369  0.079129  0.957209  0.334542
        0         0         0         1
12	25	50
 0.985971  0.094984 -0.137259  0.843634
-0.097859  0.995097 -0.014337  0.179735
 0.135225  0.027568  0.990431 -0.377671
        0         0         0         1
11	26	50
-0.706635   0.24741 -0.662915   3.57134
-0.385033  0.651576  0.653605 -0.144701
 0.593647  0.717104 -0.365165  0.430358
        0         0         0         1
12	26	50
 0.683152 -0.241781  0.689091 -0.042911
 0.348312  0.937234 -0.016463 -0.475702
-0.641859  0.251265  0.724488   1.18919
        0         0         0         1
0	47	50
 0.416384  0.021225 -0.908941   2.47428
-0.103885  0.994291 -0.024371  0.463967
 0.903235  0.104573  0.416211 -0.491269
        0         0         0         1
9	27	50
 0.806249  0.148871 -0.572539   1.28302
-0.268743  0.954359 -0.130292  0.730405
 0.527011  0.258913  0.809459 -0.931263
        0         0         0         1
8	28	50
-0.770767 -0.506101  0.387014   3.11955
-0.604078  0.387444 -0.696403   2.44628
 0.202504 -0.770551 -0.604353   3.48708
        0         0         0         1
14	28	50
-0.790276 -0.510565 -0.338804    3.6404
 0.570913 -0.412714 -0.709736   2.25117
 0.222537 -0.754315  0.617646   1.73891
        0         0         0         1
14	30	50
 0.884226  0.363891 -0.292792 -0.245882
-0.463845  0.757591 -0.459243   1.79931
 0.054702  0.541884  0.838671 -0.392743
        0         0         0         1
0	49	50
 0.991078 -0.039803 -0.127202  0.709221
 0.051932  0.994263  0.093505 -0.524029
 0.122751 -0.099276   0.98746    1.0806
        0         0         0         1
8	31	50
 0.929463 -0.169164  0.327844  0.283421
 0.204076  0.976084 -0.074924 -0.411813
-0.307329  0.136545  0.941756  0.828438
        0         0         0         1
12	31	50
 0.907888 -0.111009  0.404248 -0.105607
 0.150621  0.986289 -0.067435 -0.330233
-0.391219  0.122112   0.91216   1.08048
        0         0         0         1
8	32	50
 0.992414  0.023548 -0.120668  0.225413
-0.029374  0.998475 -0.046734  0.102446
 0.119383  0.049924  0.991592 -0.436768
        0         0         0         1
11	32	50
  0.30667  0.314872 -0.898225   2.22546
-0.516491  0.847724   0.12083  0.349091
 0.799494  0.426871  0.422601 -0.301859
        0         0         0         1
9	32	50
 0.889696   0.30459 -0.340096  0.694237
-0.319822  0.947404  0.011837  0.645329
 0.325814  0.098239  0.940316  -0.64188
        0         0         0         1
13	33	50
-0.137212  0.553625 -0.821385   2.32586
-0.478252  0.689145  0.544385  0.430248
 0.867438  0.467525  0.170213 -0.089761
        0         0         0         1
14	33	50
 0.325902  0.513984 -0.793479   2.23265
  -0.5741  0.774426  0.265845   0.89991
 0.751131  0.368897  0.547465 -0.468751
        0         0         0         1
10	33	50
0.912515 0.173124  -0.3706 0.817315
-0.16449 0.984842 0.055047 0.131919
0.374512 0.010729  0.92716 0.116238
       0        0        0        1
9	33	50
 0.951178  0.157264 -0.265571 -0.387456
-0.151874  0.987555   0.04085  0.009858
 0.268691  0.001478  0.963225  0.428847
        0         0         0         1
13	34	50
 0.271215  0.484009 -0.831972    1.1555
-0.479296  0.817494   0.31934  0.645866
 0.834696  0.312151    0.4537 -0.110981
        0         0         0         1
11	34	50
 0.542685  0.535624 -0.646993  0.693995
-0.457499  0.834493  0.307108  0.468477
 0.704406  0.129336  0.697914  -0.05897
        0         0         0         1
9	34	50
 0.883936 -0.328039  0.333239 -0.251541
 0.266637  0.939027  0.217103   -0.5833
-0.384139 -0.103051  0.917506   1.65409
        0         0         0         1
8	36	50
-0.332774 -0.771038 -0.542919   3.94221
-0.249894  0.627252 -0.737637   1.56827
 0.909293 -0.109794 -0.401411   1.60162
        0         0        -0         1
9	36	50
 0.945065  0.221431  0.240459 -0.356201
-0.268719  0.107427  0.957209 -0.485331
 0.186124 -0.969241  0.161028   3.18807
        0         0         0         1
10	37	50
-0.999173 -0.005485 -0.040294    3.1073
-0.014486 -0.877855  0.478708   1.70132
-0.037998  0.478896  0.877049 -0.421935
        0         0         0         1
8	38	50
 0.994971 -0.072596  0.069017  0.376684
 0.052891  0.965891  0.253489 -0.638871
-0.085065 -0.248564  0.964873  0.289352
       -0        -0        -0         1
10	38	50
 0.804205 -0.399485  0.440076   1.09139
 0.308378  0.913423  0.265635 -0.806285
-0.508093 -0.077915  0.857771  0.751588
        0         0         0         1
12	38	50
 0.876957  0.320607 -0.357992  0.431755
-0.236677  0.936461   0.25889 -0.408428
 0.418247 -0.142307  0.897116   0.17257
        0         0         0         1
10	40	50
 0.181349  0.613126 -0.768888   1.61004
-0.503913  0.729344  0.462741    1.0474
 0.844502  0.303535  0.441228   -1.0174
        0         0         0         1
11	41	50
-0.931376  0.237286 -0.276105   3.27248
-0.170243  0.386503  0.906439 -0.514406
 0.321801  0.891241 -0.319584   1.31648
        0         0         0         1
12	41	50
-0.990128 -0.098916  0.099312   2.66106
  0.05242  0.395795  0.916842 -0.520752
-0.129998  0.912996 -0.386702   1.66367
        0         0         0         1
9	41	50
 0.976966  0.066543 -0.202754 -0.230472
-0.051086  0.995441  0.080542  0.107257
 0.207189 -0.068329  0.975912  0.186089
        0         0         0         1
13	42	50
 0.846724  0.358992  -0.39266  0.347224
-0.290439  0.930258  0.224198  0.711468
 0.445761  -0.07579  0.891938 -0.394816
        0         0         0         1
14	42	50
 0.806565   0.35817 -0.470285  0.858689
-0.337649  0.932136   0.13083  0.930203
 0.485229  0.053268  0.872763 -0.528067
        0         0         0         1
11	42	50
 0.963665  0.181239 -0.196217  0.185026
-0.167318   0.98219  0.085484  0.426585
 0.208216 -0.049547  0.976827 -0.090274
        0         0         0         1
12	42	50
 0.710401  0.422366 -0.562972  0.293815
-0.402384  0.900022  0.167475  0.885922
 0.577423  0.107556   0.80933 -0.577871
        0         0         0         1
9	42	50
 0.877596 -0.268673  0.397039 -0.157673
 0.210465  0.960043  0.184451 -0.329362
-0.430731 -0.078311  0.899076   1.21874
        0         0         0         1
10	42	50
 0.910302  0.282582 -0.302485  0.972317
-0.266841  0.959235  0.093083  0.681112
 0.316458 -0.004018  0.948598 -0.350341
        0         0         0         1
13	43	50
 0.808485  0.336893 -0.482551  0.472208
-0.215098   0.93237   0.29055  0.103631
   0.5478 -0.131109  0.826272 -0.296266
        0         0         0         1
10	43	50
 0.778445 -0.294608  0.554282  0.234646
 0.344522  0.938657  0.015055 -0.483975
-0.524716  0.179243  0.832193  0.926206
        0         0         0         1
14	44	50
 0.941827  0.331129  0.057576  -1.12563
-0.168418  0.613221 -0.771748   2.34444
-0.290856  0.717157  0.633316 -0.054618
        0         0         0         1
15	22	50
 0.795069 -0.224278  0.563529 -0.122079
 0.353769  0.926182 -0.130514  0.490033
-0.492659  0.303127  0.815721  0.099112
        0         0         0         1
11	45	50
 0.359605 -0.029854  0.932627 -0.284838
  0.45245  0.879708 -0.146297 -0.894752
-0.816072  0.474576  0.329855    2.0917
        0         0         0         1
8	48	50
-0.700921 -0.522811  0.485158   1.32295
-0.709471  0.441237 -0.549511   2.26232
 0.073221 -0.729369 -0.680191   4.14553
        0         0         0         1
10	48	50
 0.01264 0.995376 0.095216 0.571038
-0.118904 0.096044 -0.98825  3.04982
-0.992825  0.00117 0.119569  2.55502
       0        0        0        1
9	48	50
-0.318279  0.836707  0.445667  0.274022
-0.145352  0.421484 -0.895111   2.49774
-0.936788 -0.349674 -0.012532   3.00145
        0         0         0         1
8	49	50
-0.895879 -0.323334  0.304723   1.68987
-0.440559  0.557678 -0.703494   2.06061
 0.057526 -0.764493  -0.64206   3.90223
        0         0         0         1
16	17	50
 0.922051  0.158663 -0.353055 -0.226128
-0.184147  0.982102 -0.039566  0.881604
 0.340458  0.101496  0.934766 -0.953214
        0         0         0         1
17	18	50
  0.89812 -0.203621  0.389767 -0.203601
 0.201853  0.978336  0.045979 -0.381408
-0.390686  0.037381  0.919765  0.806808
        0         0         0         1
18	19	50
 0.949655 -0.161926  0.268209 -0.374812
 0.137848  0.984719  0.106423 -0.318759
-0.281343 -0.064093  0.957465  0.625598
       -0        -0        -0         1
22	23	50
 0.900781 -0.162875  0.402574  -0.24051
 0.191607  0.980955 -0.031854 -0.586343
-0.389718   0.10583  0.914833  0.978267
        0         0         0         1
19	20	50
 0.950091 -0.161708  0.266791  -0.45975
 0.137942  0.984788  0.105664 -0.258638
-0.279819 -0.063589  0.957945  0.469369
        0         0         0         1
21	22	50
 0.946063 -0.118297  0.301613 -0.444258
 0.136796  0.989755  -0.04089 -0.347139
-0.293686  0.079944  0.952553  0.558744
        0         0         0         1
20	21	50
 0.954318 -0.142179  0.262797 -0.468346
  0.16575  0.983702 -0.069696 -0.163988
-0.248605  0.110071  0.962331  0.298007
        0         0         0         1
22	24	50
 0.664095 -0.261878  0.700284 -0.050338
 0.307651  0.949393  0.063282 -0.935608
-0.681416  0.173417  0.711054    1.5847
        0         0         0         1
18	20	50
 0.793753 -0.359747  0.490447 -0.547948
 0.328866  0.932147  0.151492 -0.532564
-0.511667  0.041044  0.858203  0.967748
       -0        -0         0         1
16	18	50
  0.99715  0.067608  0.033484 -0.914781
-0.068983  0.996743  0.041772  0.534979
-0.030551 -0.043962  0.998566 -0.070443
        0         0         0         1
17	19	50
 0.704307 -0.379044  0.600231 -0.200976
