5	6	50
 0.860716 -0.014185 -0.508888  0.529226
-0.115296  0.968207 -0.221994  0.423509
 0.495858  0.249747  0.831716  -1.04732
       -0         0         0         1
6	7	50
 0.976543 -0.013969 -0.214867 -0.035114
 0.058242  0.977832  0.201129 -0.852385
 0.207294 -0.208926  0.955709  0.050323
        0         0         0         1
3	4	50
  0.84861   0.24107 -0.470899  0.032321
-0.272188  0.962242  0.002094  0.552675
 0.453624  0.126396  0.882184 -0.365391
        0         0         0         1
1	2	50
 0.974677 -0.099419  0.200301 -0.304745
 0.079453  0.991252  0.105383 -0.350179
-0.209026   -0.0868   0.97405  0.453777
       -0        -0        -0         1
5	7	50
 0.737495  0.121308 -0.664368  0.471646
-0.105793  0.992342  0.063755 -0.516651
 0.667015  0.023266  0.744681   -1.0427
       -0         0         0         1
3	5	50
 0.990053  0.077091  0.117693 -0.217485
-0.029579  0.931876  -0.36157  0.598776
-0.137549  0.354492  0.924887  0.419047
        0         0         0         1
0	1	50
 0.937664 -0.133752  0.320776 -0.159768
  0.10535   0.98894  0.104403 -0.521125
-0.331193 -0.064101  0.941383  0.765612
        0         0         0         1
6	8	50
 0.970137 -0.086935  0.226444  -0.65753
 -0.01245  0.914488  0.404422 -0.594429
-0.242238 -0.395164  0.886096  0.847446
        0         0         0         1
7	8	50
 0.948649  -0.13814  0.284576  -0.23177
 0.070394  0.969241  0.235831  0.001675
  -0.3084 -0.203688  0.929193  0.653049
        0         0         0         1
1	3	50
 0.886089  0.243364 -0.394488    0.7292
 -0.04603  0.893072  0.447553 -0.239942
 0.461225 -0.378413  0.802543  0.560263
        0         0         0         1
0	2	50
 0.808154 -0.253955  0.531407 -0.345541
 0.117212  0.953564  0.277446 -0.875546
 -0.57719 -0.161931  0.800394   1.60342
        0         0         0         1
7	9	50
 0.747248 -0.311744  0.586886 -0.346833
 0.122356  0.932584  0.339583  -0.23115
-0.653184 -0.181944  0.735015   1.65798
       -0        -0        -0         1
4	9	50
-0.679713 -0.362767  0.637488   1.45846
 0.364538   0.58711  0.722783  -1.33715
-0.636477  0.723673 -0.266823   1.74197
        0         0         0         1
4	10	50
 0.892616  0.275351 -0.356958  0.805806
-0.254773  0.961341  0.104472 -0.033975
 0.371925  -0.00231   0.92826 -0.599995
        0         0         0         1
7	10	50
  0.32885 -0.623579   0.70923  0.212532
 0.598705  0.718453  0.354086  -1.18822
-0.730349  0.308178  0.609603   1.26148
       -0        -0         0         1
6	10	50
  0.62915 -0.420707  0.653587 -0.865987
-0.032046  0.826105  0.562604 -0.721743
-0.776623 -0.374907  0.506262   2.38206
       -0        -0        -0         1
5	11	50
-0.963331 -0.134705  0.232053   2.64453
 0.045858  0.769465  0.637041 -0.977649
-0.264369  0.624323 -0.735072   2.01425
        0         0         0         1
5	12	50
 0.936145  0.228736 -0.267044  -0.00695
-0.084903  0.884057  0.459603 -0.763662
  0.34121 -0.407582  0.847026  0.047884
        0         0         0         1
3	12	50
 -0.726688   0.377419  -0.574003    2.70653
 -0.360744   0.501432   0.786403 -0.0689511
  0.584627   0.778538  -0.228233  -0.167222
        -0          0         -0          1
4	12	50
 0.697873  0.423724 -0.577435   0.98869
-0.424236  0.894126  0.143392  0.108396
 0.577059  0.144899  0.803746 -0.847479
       -0         0         0         1
5	13	50
-0.644678   0.28897 -0.707733   3.19627
-0.156001   0.85659  0.491851 -0.673932
 0.748367  0.427493 -0.507146  0.500055
       -0         0        -0         1
4	13	50
-0.035144  0.468865  -0.88257   2.51383
-0.508049  0.752107  0.419787 -0.021552
 0.860611  0.463142  0.211774 -0.728768
       -0         0         0         1
2	14	50
 0.737531 -0.198873  0.645366  0.078933
 0.144365  0.979994  0.137008  -1.02507
-0.659702 -0.007879  0.751486   1.79278
        0         0         0         1
5	16	50
 0.957238  0.154363 -0.244678  0.610807
-0.057927  0.930896  0.360661 -0.828317
 0.283443 -0.331065  0.900031  0.006471
        0         0         0         1
3	16	50
-0.596823  0.442108 -0.669584   1.91312
-0.399363  0.560116  0.725795 -0.379457
 0.695925  0.700579 -0.157728 0.0857221
       -0         0        -0         1
4	16	50
 0.461514  0.465876  -0.75496  0.893914
-0.459683  0.853437  0.245636 -0.189858
 0.758747  0.233678  0.608028 -0.626659
       -0         0         0         1
6	16	50
 0.998562 -0.022236  0.048787  0.527989
-0.006987  0.848211  0.529613 -0.967209
-0.053158 -0.529192  0.846835  0.754253
       -0        -0        -0         1
5	17	50
 0.956915  0.263663  0.121637 -0.533943
 0.042983   0.28567 -0.957364   2.38453
 -0.28717  0.921344  0.262029 -0.230313
       -0         0         0         1
6	17	50
 0.957301  0.098334 -0.271854 -0.041333
 0.046959   0.87499  0.481858 -0.706881
 0.285253 -0.474049  0.833011 -0.079696
        0         0         0         1
7	17	50
 0.991507 -0.057595  0.116607 -0.171867
 0.023288  0.960728  0.276513  0.066037
-0.127954 -0.271449   0.95391   0.41136
       -0        -0        -0         1
4	17	50
 -0.410682   0.388525  -0.824857    2.85082
 -0.417547    0.72409   0.548952 -0.0879489
  0.810552   0.569861  -0.135143  -0.264713
        -0          0         -0          1
4	18	50
 0.506515   0.32893 -0.797025   1.37148
-0.392391  0.911042  0.126618  0.418686
 0.767771  0.248611  0.590525  -1.12105
       -0         0         0         1
7	18	50
 0.984968 -0.130413  0.113269  0.169368
 0.078455  0.921956  0.379266 -0.057004
 -0.15389 -0.364678  0.918329  0.647833
       -0        -0        -0         1
6	18	50
 0.941565 -0.249206  0.226608 -0.273128
 0.117332  0.873291  0.472859 -0.754576
-0.315734 -0.418639    0.8515  0.771706
       -0        -0        -0         1
7	19	50
-0.771636  0.362595 -0.522592   3.14384
-0.088475  0.752429  0.652704 -0.071332
 0.629881  0.549886 -0.548521  0.878897
       -0         0        -0         1
4	19	50
-0.993478 -0.037912  0.107539   2.36693
 0.073784  0.505308  0.859779 -0.800452
-0.086937  0.862106 -0.499215    1.0503
        0         0         0         1
6	19	50
 0.516251  0.372796 -0.771044  0.831432
 0.072491   0.87804  0.473065 -0.667222
 0.853364 -0.300113  0.426265 -0.050041
        0         0         0         1
5	20	50
-0.911952  0.375174 -0.166097   2.30252
 0.225557  0.796582  0.560875  -0.83825
 0.342736  0.474026 -0.811068   1.69611
       -0         0        -0         1
3	20	50
 0.995252  0.095907 -0.016576 -0.019899
-0.096986  0.991536 -0.086314  0.557383
 0.008158  0.087512   0.99613 -0.355489
       -0         0         0         1
6	20	50
-0.925033 -0.189254   0.32939   2.13235
0.00111701  0.865712  0.500541 -0.537758
-0.379886  0.463385   -0.8006   2.66634
        0         0         0         1
4	20	50
-0.907349  0.252503 -0.336095   2.83795
-0.198541  0.447317   0.87206 -0.831026
 0.370539  0.857992  -0.35574   1.00462
       -0         0        -0         1
7	20	50
 0.741988 -0.408717  0.531418 -0.485012
 0.119751  0.860724  0.494787 -0.233292
-0.659632 -0.303488  0.687591   1.72574
       -0        -0        -0         1
0	15	50
 0.946615 -0.173159  0.271912  0.268927
 0.018288  0.870976  0.490985 -0.701678
-0.321848 -0.459801  0.827646   1.53684
        0         0         0         1
5	21	50
 -0.69863   0.41135 -0.585412   2.52958
-0.184687  0.686797  0.702995 -0.452207
 0.691236  0.599251 -0.403845 0.0687799
       -0         0        -0         1
3	21	50
 -0.20557 -0.467439  0.859792  0.096433
 0.551022  0.670775  0.496422  -1.05839
-0.808774  0.575814  0.119678   1.86014
       -0        -0         0         1
7	21	50
 0.558964 -0.499332  0.661987 -0.399121
 0.134722  0.842434  0.521685 -0.332715
-0.818174 -0.202419  0.538161   2.16319
       -0        -0        -0         1
4	21	50
 0.351643 -0.470806  0.809129  0.241135
 0.422722  0.851048  0.311484 -0.744441
-0.835256  0.232506  0.498285   1.04663
       -0        -0         0         1
5	22	50
 0.679441 -0.335376  0.652596 -0.880076
 0.211807   0.94121  0.263177  -0.78299
-0.702493 -0.040589  0.710532  0.927553
       -0        -0        -0         1
3	22	50
 0.423991 -0.317344  0.848248 -0.936418
 0.480413  0.872777   0.08639 -0.609068
-0.767747  0.370881  0.522506   1.27119
       -0        -0         0         1
4	22	50
-0.542209  0.336215 -0.770045   3.11665
 -0.40192  0.701028  0.589084 -0.426492
 0.737882  0.628903 -0.244973  0.372379
       -0         0        -0         1
6	24	50
 0.479653 -0.310206  0.820795 -0.480451
-0.019066  0.931518  0.363194 -0.807449
-0.877251 -0.189856  0.440891   2.33063
       -0        -0        -0         1
5	25	50
 0.995923  0.039608 -0.081047 -0.214008
-0.024202  0.982832  0.182907 -0.473851
 0.086901   -0.1802  0.979784 -0.735754
        0         0         0         1
4	25	50
 0.933634  0.166225 -0.317329  0.192138
-0.188582  0.981207 -0.040856  0.136971
 0.304574  0.097987  0.947435  -1.01136
        0         0         0         1
7	25	50
-0.719219  0.304928 -0.624294   2.90781
  -0.1573  0.803748  0.573799 -0.291184
 0.676742  0.510889 -0.530106   1.12594
        0         0         0         1
4	26	50
 0.778141  0.145497 -0.611005   1.45683
-0.239963  0.967871 -0.075126   0.42669
 0.580443  0.205077  0.788054    -1.368
        0         0         0         1
5	27	50
 0.776768   0.22033 -0.589988  0.316325
-0.121101  0.971579  0.203395 -0.206487
 0.618033 -0.086543  0.781374  -1.22246
        0         0         0         1
5	28	50
 0.938539 -0.044135  -0.34234  0.649431
-0.035036  0.974489 -0.221684 -0.415724
 0.343391  0.220053   0.91305 -0.539106
       -0         0         0         1
4	29	50
-0.540312  0.261418  0.799827   1.18515
-0.458458 -0.888507 -0.019303   3.25334
 0.705606 -0.377117   0.59992  0.305822
        0         0         0         1
4	30	50
-0.066816  0.875754 -0.478111  0.515302
-0.813334  0.229758  0.534509     1.357
 0.577948  0.424578  0.696929 -0.603425
        0         0         0         1
5	31	50
 0.998121 -0.056683  -0.02328  0.026956
 0.058109  0.996127  0.065985 -0.556493
  0.01945 -0.067213  0.997549  -0.01886
        0         0        -0         1
3	31	50
 0.973813 -0.044188  0.223013 -0.274458
 0.122462  0.928414 -0.350786  0.068996
-0.191548  0.368911  0.909513  0.163319
        0         0         0         1
4	31	50
 0.760833  0.182948 -0.622626  0.490214
-0.367043  0.912547 -0.180381  0.394941
 0.535175  0.365771  0.761445 -0.665696
        0         0         0         1
5	32	50
 0.878525  0.118854 -0.462675  0.428314
-0.069166  0.989996  0.122983 -0.240266
 0.472663 -0.076042  0.877956  -1.27431
        0         0         0         1
7	32	50
 0.977809 -0.070849  0.197153 -0.304179
 0.044411  0.989792  0.135427   0.12645
-0.204736 -0.123666  0.970974   0.11912
        0         0         0         1
6	32	50
 0.983025  0.113738 -0.143963 -0.433577
-0.046291  0.913031  0.405254 -0.626124
 0.177536 -0.391711  0.902798  0.044146
        0         0         0         1
4	33	50
  0.60957  0.403992 -0.682067   1.64759
-0.380705  0.903874  0.195129  0.152704
 0.695333  0.140721  0.704776 -0.331716
       -0         0         0         1
2	34	50
-0.828291  0.195804 -0.524971   3.43509
 0.311653 -0.617629 -0.722085   2.80494
-0.465624 -0.761706  0.450554   2.90601
        0         0         0         1
5	35	50
-0.961396 -0.127678 -0.243754   3.26455
 0.217634 -0.894884 -0.389637   2.68796
-0.168384 -0.427645  0.888125   1.04081
        0        -0         0         1
0	26	50
 0.847431  0.204572  -0.48991   1.33406
-0.101795  0.968269  0.228239 -0.070577
 0.521056 -0.143546  0.841365 -0.333455
        0         0         0         1
2	35	50
-0.905364  0.406786 -0.121825   2.60216
 0.195508  0.653993  0.730801 -0.936018
 0.376952  0.637823 -0.671631   2.31213
        0         0         0         1
2	36	50
 -0.62942 -0.539581  -0.55918   4.01629
 0.776746 -0.416257 -0.472648   2.02328
 0.022269 -0.731835  0.681118   2.61276
        0         0         0         1
2	37	50
 0.843897  0.536243  0.016748 -0.956261
 -0.53641  0.842752  0.045087  0.167663
 0.010063 -0.047033  0.998843  0.550857
        0         0         0         1
3	39	50
-0.991046 -0.092921  0.095878   2.38202
-0.082119 -0.142002 -0.986454    3.6552
 0.105278 -0.985495    0.1331   2.14543
        0         0         0         1
4	39	50
-0.699328 -0.525979  0.484032    1.8837
 0.394881  0.280168  0.874971  -1.17248
-0.595827  0.803026   0.01177   1.80301
        0         0         0         1
3	40	50
 0.618964 -0.512707  0.594992  -1.07216
 0.451384  0.852155  0.264735 -0.764881
-0.642757  0.104708   0.75888   1.72257
        0         0         0         1
4	40	50
-0.008247 -0.638201  0.769825  0.913233
 0.575833  0.626364  0.525438  -1.30962
-0.817526  0.447624  0.362332   1.97122
        0         0         0         1
3	41	50
-0.703431  0.481221 -0.523079   1.98297
  0.36189 -0.390916 -0.846298   2.88397
-0.611736 -0.784609  0.100833   3.53498
        0        -0         0         1
4	41	50
-0.714401 -0.442793  0.541817      2.15
 0.358808  0.432955  0.826926  -1.05591
-0.600739  0.785165 -0.150426   1.71359
        0         0         0         1
5	42	50
  -0.841743    0.231635   -0.487661     2.96795
  -0.214869    0.684922    0.696214   -0.142302
   0.495277    0.690816   -0.526757 -0.00592088
         -0           0          -0           1
5	43	50
 0.932715  0.166364 -0.319947  0.012363
-0.061004   0.94723  0.314695 -0.520475
 0.355417 -0.274003  0.893645 -0.405854
        0         0         0         1
3	43	50
 0.544868 -0.409256  0.731866  -0.37819
 0.475975  0.869516   0.13187 -0.911892
-0.690338  0.276498  0.668567   1.40315
       -0        -0         0         1
4	43	50
 0.839886 -0.276279  0.467185  0.095462
 0.260709  0.960307  0.099206 -0.813396
-0.476049  0.038477  0.878576  0.866647
       -0        -0         0         1
6	43	50
 0.865171  0.290027   -0.4091  0.495316
-0.000475988  0.816266  0.577676 -0.772013
 0.501476 -0.499594  0.706348  0.285501
        0         0         0         1
6	44	50
-0.733799  0.479506  0.481262   1.27978
-0.576273 -0.064164 -0.814735   4.01513
 -0.35979  -0.87519   0.32341   3.07975
        0         0         0         1
5	45	50
 0.206056  0.075018 -0.975661    1.5579
-0.263488  0.964485  0.018511  0.116335
 0.942399  0.253261  0.218504  -1.56189
       -0         0         0         1
6	45	50
 0.996999  0.063422 -0.044401 -0.540257
-0.062968  0.997949  0.011547 -0.315079
 0.045043 -0.008717  0.998947  0.256909
        0         0         0         1
3	46	50
 0.343132  0.095565 -0.934413    1.7425
-0.521633   0.84669 -0.104958   1.61778
 0.781127  0.523435  0.340376   -1.3535
        0         0         0         1
5	47	50
 0.098289  0.059369 -0.993385   2.93352
-0.186927  0.981552  0.040167  0.028289
 0.977444  0.181743  0.107573 -0.563207
       -0         0         0         1
3	47	50
  0.72895  0.091029 -0.678487   1.19196
-0.432467  0.829533 -0.353338   1.37033
 0.530663  0.550989  0.644056 -0.993116
        0         0         0         1
4	47	50
-0.144323 -0.019951   0.98933 -0.209204
 0.507417   0.85685  0.091301 -0.941757
-0.849528   0.51518 -0.113539   2.21704
        0         0         0         1
2	48	50
 0.573777  0.140021 -0.806954   1.88657
 -0.26118  0.965118 -0.018244   0.32846
 0.776251  0.221228  0.590333  0.262887
        0         0         0         1
3	48	50
 0.882787 -0.260702 -0.390796   1.75196
 0.004684  0.836725 -0.547604   1.13652
  0.46975  0.481587  0.739871 -0.246481
        0         0         0         1
1	48	50
 0.726495 -0.022181 -0.686813   1.46048
-0.077482  0.990461 -0.113946  0.341482
 0.682789  0.135997  0.717847  0.254267
        0         0         0         1
3	49	50
 0.890094 -0.445241 -0.097433   1.57249
 0.301676  0.735773 -0.606325  0.634458
 0.341649  0.510293  0.789225 -0.397302
        0         0         0         1
2	49	50
 0.788756  0.034919 -0.613714   1.09053
-0.146126  0.980417 -0.132019   0.29343
 0.597086   0.19381  0.778412  0.183263
        0         0         0         1
1	49	50
 0.965285 -0.034092 -0.258963   0.18593
 0.000193  0.991538 -0.129816   0.09011
 0.261197   0.12526  0.957124  0.338346
        0         0         0         1
8	9	50
 0.964636 -0.143486  0.221109 -0.389846
 0.116358  0.984498   0.13124 -0.367206
-0.236513 -0.100871  0.966378  0.563978
       -0        -0        -0         1
12	13	50
  0.97209 -0.129052  0.195924 -0.422473
 0.134792  0.990742 -0.016191 -0.170109
 -0.19202  0.042148  0.980485  0.156251
        0         0         0         1
11	12	50
  0.852181  -0.240584   0.464657  -0.404494
  0.269992   0.962857 0.00336999  -0.405476
 -0.448209   0.122582   0.885484   0.634874
        -0         -0          0          1
9	10	50
 0.912011 -0.209999  0.352329 -0.361843
 0.179532  0.976718  0.117432 -0.411122
-0.368787 -0.043845  0.928479  0.648717
       -0        -0        -0         1
10	11	50
 0.796068 -0.355185  0.490019  0.322026
 0.361757  0.928369   0.08522 -0.479911
-0.485188  0.109428  0.867536  0.709958
        0         0         0         1
8	10	50
 0.781734  -0.37524  0.498082 -0.481973
 0.266243   0.92308  0.277556 -0.786552
 -0.56392 -0.084364  0.821509   1.25176
       -0        -0        -0         1
11	13	50
 0.900008 -0.198192  0.388208  -0.53835
 0.228924  0.972848 -0.034063 -0.245199
-0.370916  0.119527  0.920942  0.271377
        0         0         0         1
14	15	50
  0.75423  0.193343   -0.6275  0.726519
-0.207694  0.976845  0.051342  0.484912
 0.622897  0.091605  0.776922 -0.902705
        0         0         0         1
9	11	50
 0.941149 -0.201743  0.271179 -0.567617
 0.170453  0.976127  0.134615 -0.391386
-0.291862 -0.080469  0.953069  0.467165
        0         0         0         1
10	12	50
 0.442702  -0.44501  0.778448  0.436979
 0.398138  0.875437  0.274035 -0.884241
-0.803431  0.188614  0.564733   1.66512
        0         0         0         1
8	11	50
 0.949647 -0.175865  0.259311 -0.317622
 0.141124  0.978997  0.147133 -0.313561
-0.279741 -0.103129  0.954521  0.352945
       -0        -0        -0         1
9	12	50
 0.037768 -0.493075  0.869167  0.740756
 0.464805  0.778638   0.42152  -1.06025
-0.884607  0.388073  0.258591   1.79631
       -0        -0         0         1
10	13	50
 0.186077 -0.484361   0.85485  0.381851
 0.542913  0.775845  0.321419  -1.20947
-0.818914    0.4043  0.407333   1.70825
        0         0         0         1
8	12	50
-0.227972 -0.497274  0.837107  0.702008
 0.235694  0.805992  0.542978  -1.05577
 -0.94471  0.321085 -0.066539   2.61702
        0         0         0         1
12	16	50
 0.985206  0.014789 -0.170738  0.505725
-0.012242  0.999798  0.015963 -0.382086
 0.170939 -0.013636  0.985187   0.27586
        0         0         0         1
9	13	50
-0.265232 -0.335261   0.90402  0.920687
 0.443498  0.790106  0.423134  -1.06538
-0.856132   0.51316 -0.060874   2.27345
        0         0         0         1
11	16	50
 0.598782 -0.409733  0.688171  0.805448
 0.402577  0.896774  0.183649 -0.817513
-0.692381  0.167076  0.701922   1.06366
       -0        -0         0         1
9	14	50
 0.483029 -0.419949  0.768326  0.170666
 0.445881  0.873159  0.196934  -1.35119
-0.753573  0.247457  0.609009   2.01416
       -0        -0         0         1
11	17	50
 0.585163  0.332518 -0.739605   1.70327
-0.437038  0.897586  0.057768   0.59424
 0.683068  0.289431  0.670557 -0.585213
        0         0         0         1
10	16	50
 0.786405 -0.310547  0.533974   1.04796
 0.338688  0.939689  0.047702 -0.570786
-0.516583  0.143337  0.844154  0.627234
        0         0         0         1
9	16	50
 0.917459  0.145174 -0.370396  0.992387
-0.137384  0.989379  0.047484 -0.335365
 0.373355  0.007321  0.927659  0.121006
       -0         0         0         1
8	16	50
 0.997555  0.056177 -0.041564   0.82687
-0.046892  0.979098  0.197909 -0.487015
 0.051813 -0.195476  0.979339  0.407322
        0         0         0         1
11	18	50
 0.998736  0.014573  0.048108 -0.099388
-0.007069  0.988263 -0.152597  0.255915
-0.049768  0.152064  0.987117  0.080633
        0         0         0         1
12	18	50
 0.993638  0.004738 -0.112525 -0.105751
-0.013385  0.997001 -0.076221  0.243486
 0.111826  0.077242  0.990721 -0.083762
        0         0         0         1
10	17	50
 0.991608 -0.012212  0.128705 -0.036528
 0.029118  0.991046 -0.130307  0.239376
-0.125961  0.132961  0.983084  0.104211
        0         0         0         1
8	17	50
 0.993698  -0.04989  0.100374 -0.244251
 0.043806  0.997119  0.061931 -0.025247
-0.103175 -0.057144   0.99302  0.004581
       -0        -0        -0         1
9	17	50
 0.622193  0.376387 -0.686446   1.17419
-0.419878  0.900496  0.113177  0.615347
  0.66074  0.217806  0.718319  -0.77161
        0         0         0         1
10	18	50
 0.919185 -0.175553  0.352533  0.053701
 0.207986  0.976527 -0.056011 -0.136807
-0.334425  0.124806  0.934122  0.549765
        0         0         0         1
8	18	50
 0.998094  0.042633 -0.044616  0.141901
-0.037347  0.992864  0.113255  0.033311
 0.049126 -0.111373  0.992564 -0.093041
        0         0         0         1
11	19	50
 0.445964  0.441972 -0.778317   1.68873
-0.470404  0.855535  0.216286  0.454665
  0.76147  0.269668  0.589443 -0.454455
       -0         0         0         1
12	19	50
 0.994409  0.001192 -0.105591  0.188759
-0.013441  0.993233 -0.115363  0.217895
 0.104739  0.116137  0.987695  0.020299
        0         0         0         1
9	18	50
 0.868049  0.158477 -0.470507  0.279503
-0.190816  0.981391 -0.021486  0.390848
 0.458346  0.108431  0.882135 -0.500167
        0         0         0         1
8	19	50
 0.954303 -0.184406  0.235161 -0.201049
 0.155628  0.978448  0.135719 -0.242217
 -0.25512  -0.09292  0.962434  0.426451
       -0        -0        -0         1
10	19	50
 0.917712  0.191977 -0.347777  0.977007
-0.204385   0.97889  0.001029  0.326745
 0.340633  0.070136  0.937577 -0.227465
        0         0         0         1
9	19	50
 0.999254  0.020846 -0.032516 -0.262524
-0.019432  0.998877  0.043204  0.122427
  0.03338  -0.04254  0.998537  0.026356
        0         0         0         1
13	20	50
 0.567587  0.483236  -0.66658   1.57855
-0.391479  0.870653  0.297837  0.295535
 0.724285  0.091903  0.683348 -0.177166
       -0         0         0         1
11	20	50
 0.806705  0.329999 -0.490233   0.97071
-0.273101  0.943844  0.185943  0.193659
 0.524064 -0.016118  0.851526 -0.186735
        0         0         0         1
10	20	50
 0.994027  0.083009 -0.070846    0.4311
-0.081175  0.996295  0.028392  0.334434
  0.07294 -0.022472  0.997083 -0.127729
        0         0         0         1
9	20	50
 0.945612 -0.188737  0.264947 -0.059441
 0.161406  0.979369  0.121595 -0.110333
 -0.28243 -0.072218  0.956566  0.344795
        0         0         0         1
13	21	50
 0.981049  0.096809  -0.16784  0.358984
-0.093386  0.995231  0.028185  0.202578
 0.169769 -0.011977  0.985411  0.142337
        0         0         0         1
8	21	50
  0.57749 -0.426674  0.696028  -0.77301
 0.350537  0.899561  0.260604 -0.794483
-0.737312  0.093487  0.669052    1.7377
       -0        -0         0         1
14	21	50
   0.8355  0.256563 -0.485917  0.775123
-0.309371  0.950465 -0.030098   1.64867
 0.454125  0.175475  0.873487   -1.7211
       -0         0         0         1
9	21	50
 0.760083 -0.331994  0.558618 -0.457686
  0.31956  0.939479  0.123535 -0.444119
-0.565823  0.084615  0.820173   1.03054
       -0        -0         0         1
11	21	50
   0.921841    0.168536   -0.349004    0.566237
  -0.181044     0.98347 -0.00327701    0.353368
   0.342683    0.066206    0.937115   -0.341273
         -0           0           0           1
10	21	50
  0.99217 -0.039239  0.118572  0.176312
   0.0426  0.998755 -0.025945  0.101262
-0.117406  0.030793  0.992606  0.205847
        0         0         0         1
8	22	50
 0.222166 -0.694906  0.683921  0.446144
 0.582768  0.657006  0.478252  -1.31328
 -0.78168  0.292316  0.550933    1.7219
       -0        -0         0         1
14	22	50
 0.963074  0.054481 -0.263669  0.261793
-0.101937  0.980192 -0.169801    1.3028
 0.249195  0.190408  0.949551  -1.49101
       -0         0         0         1
11	22	50
 0.790776 -0.275422   0.54664 -0.428848
   0.3385  0.940836 -0.015641  -0.41005
-0.509991  0.197406  0.837222  0.768898
        0         0         0         1
10	22	50
  0.77957 -0.438681  0.447024  0.160802
 0.514417  0.855613 -0.057453 -0.494903
-0.357276  0.274745  0.892675  0.472693
        0         0         0         1
14	23	50
 0.990786 -0.023374  0.133402  0.238065
 0.065239  0.945554 -0.318859  0.457319
-0.118685  0.324625  0.938367  0.006568
        0         0         0         1
13	24	50
 0.956773  0.106444 -0.270657  0.053149
 -0.12881  0.989456  -0.06621 -0.022693
 0.260755  0.098212  0.960396 -0.006247
        0         0         0         1
8	24	50
-0.521152 -0.276866  0.807308  0.823323
 0.277202  0.839724  0.466929   -1.3596
-0.807193  0.467128 -0.360876   3.23863
        0         0         0         1
10	24	50
 0.360067 -0.482789   0.79829  0.829852
 0.462076  0.835643  0.296961  -1.38797
-0.810455  0.261945  0.523973   1.92868
        0         0         0         1
11	25	50
 0.999428  0.021415 -0.026174  0.127195
-0.022846  0.998189  -0.05565 -0.106906
 0.024935  0.056216  0.998107  -0.04751
        0         0         0         1
12	25	50
 0.972378  0.150678 -0.178262  0.920689
-0.148794  0.988578   0.02397  0.201026
 0.179837  0.003217  0.983691 -0.407703
        0         0         0         1
14	26	50
 0.030974  0.302605 -0.952613   2.50667
-0.622105  0.751801  0.218587   1.45634
 0.782321  0.585855  0.211539  -1.29725
        0         0         0         1
14	28	50
-0.858864 -0.406503 -0.311621   3.41246
 0.505481  -0.57443 -0.643832   2.62661
 0.082715 -0.710483  0.698837    1.6656
        0         0         0         1
0	45	50
-0.121005  0.103605  -0.98723   3.10006
-0.985048 -0.135396  0.106528   3.32334
 -0.12263   0.98536   0.11844  0.688739
        0         0         0         1
0	47	50
 0.490406  0.129016 -0.861892   1.82944
-0.245643  0.969346  0.005332  0.546103
 0.836159  0.209103  0.507064 -0.467638
        0         0         0         1
8	32	50
 0.998968  0.016843 -0.042186  0.036452
-0.019578  0.997674 -0.065291  0.106427
 0.040989  0.066049  0.996974 -0.305495
        0         0         0         1
11	33	50
-0.763097    0.3898 -0.515499    2.3233
 0.351671 -0.418765 -0.837236   2.83576
-0.542227 -0.820178  0.182477   3.75013
        0         0         0         1
14	33	50
 0.250547   0.52004 -0.816569   2.33935
 -0.61694  0.735784  0.279296  0.945516
 0.746064  0.433797  0.505182 -0.417267
        0         0         0         1
9	33	50
 0.998637  -0.00401 -0.052043  0.381256
 0.009897  0.993506   0.11335 -0.068285
 0.051251 -0.113711  0.992191  0.440935
        0         0         0         1
0	48	50
 0.952686 -0.120533 -0.279035   1.09245
 0.076279  0.983443 -0.164379  0.194986
 0.294228  0.135318  0.946107  0.551344
        0         0         0         1
13	34	50
 0.287288  0.566272  -0.77253  0.897166
-0.371524  0.809266  0.455038  0.452469
 0.882857  0.156286  0.442875 -0.155238
        0         0         0         1
14	34	50
 0.862915  0.355213 -0.359446  0.333897
-0.373072  0.927564  0.021015   1.32516
 0.340875  0.115965  0.932929 -0.457525
        0         0         0         1
11	34	50
 0.985675  0.094088 -0.139972  0.381076
-0.075738  0.988472  0.131097  0.058176
 0.150693 -0.118618  0.981439  0.564247
        0         0         0         1
11	36	50
-0.916886 -0.237837 -0.320553    3.8764
 0.062963 -0.879216  0.472245   1.41312
-0.394153  0.412812  0.821115  0.745599
        0         0         0         1
9	36	50
 0.921079  0.282325  0.268153 -0.415258
-0.305294  0.096185  0.947388 -0.447662
 0.241679 -0.954485  0.174786   3.12586
        0         0         0         1
10	36	50
-0.989437   0.05236 -0.135175   2.75118
-0.102962 -0.910242  0.401073   1.58217
-0.102042  0.410754  0.906018  0.445034
        0         0         0         1
10	37	50
 0.927213 -0.343763  -0.14867    1.1148
 0.203253   0.12843  0.970667  -1.52563
-0.314586 -0.930232  0.188953   4.22724
        0         0         0         1
8	38	50
 0.999559 -0.013341  0.026512  0.223715
 0.006135  0.966863  0.255222 -0.590394
-0.029038 -0.254947  0.966519  0.256251
       -0        -0        -0         1
12	38	50
 0.974346  0.096013 -0.203548  0.642401
-0.047519  0.971808  0.230936 -0.471632
 0.219982  -0.21534  0.951439  0.152066
        0         0         0         1
12	40	50
-0.910971  0.257599 -0.322141   3.41092
-0.231266  0.327704  0.916038  0.006477
 0.341537  0.908984 -0.238955  0.901199
        0         0         0         1
11	40	50
-0.860625  0.374374 -0.345208   3.07593
-0.182645  0.405864  0.895497 -0.199613
 0.475359  0.833738 -0.280919  0.874786
        0         0         0         1
11	42	50
0.996971 0.067291 -0.03899  -0.0346
-0.068167  0.99744  -0.0216 0.413907
0.037437 0.024192 0.999006 0.051007
       0        0        0        1
13	42	50
 0.509615  0.494508 -0.704099   1.04626
-0.299676   0.86911  0.393499  0.367796
 0.806528  0.010468  0.591104 -0.461903
        0         0         0         1
12	42	50
  0.69636  0.428492 -0.575741  0.347405
-0.426686  0.892216  0.147948  0.950832
  0.57708  0.142636  0.804135  -0.54454
        0         0         0         1
10	42	50
 0.996948  0.020422  0.075344 -0.092347
-0.021599  0.999656  0.014844  0.361765
-0.075015 -0.016426  0.997047  0.219221
        0         0         0         1
10	43	50
  0.79965 -0.270929  0.535871  0.203941
  0.31445  0.949214  0.010672 -0.445052
-0.511548  0.159971  0.844232  0.910694
        0         0         0         1
14	44	50
 0.954229  0.257802   0.15161 -0.833695
-0.091843  0.735021 -0.671796   1.55758
-0.284627  0.627122  0.725055  0.206651
        0         0         0         1
9	46	50
 -0.99321  0.065993 -0.095801   3.19327
 0.000524 -0.820975 -0.570964    3.6181
 -0.11633 -0.567137  0.815367   1.92025
        0         0         0         1
8	48	50
-0.649891 -0.616573  0.444388   1.57009
-0.758362   0.48738 -0.432837   2.00335
  0.05029 -0.618304 -0.784329   4.22069
        0         0         0         1
9	49	50
 0.855062 -0.508978  -0.09905   1.29353
 0.512217  0.799395   0.31401  -0.82926
-0.080644 -0.319233  0.944239   1.04688
        0         0         0         1
20	21	50
 0.943207 -0.189943  0.272549 -0.384178
 0.204913    0.9784 -0.027281 -0.274376
 -0.26148   0.08158  0.961755  0.371357
        0         0         0         1
21	22	50
 0.970243  -0.12712  0.206081 -0.239503
 0.147645  0.985169 -0.087424 -0.189883
-0.191911  0.115249  0.974622  0.263452
        0         0         0         1
22	23	50
 0.889922 -0.146625  0.431903 -0.295102
  0.18445  0.981728 -0.046771 -0.532827
-0.417153  0.121287  0.900707   1.04242
        0         0         0         1
17	18	50
 0.884499 -0.241221  0.399342 -0.136593
 0.236089  0.969698   0.06283 -0.466512
-0.402397  0.038707  0.914647  0.863285
        0         0         0         1
16	17	50
 0.805313  0.243999 -0.540311  0.736077
-0.262902  0.963845  0.043416   1.06658
 0.531369  0.107085  0.840345  -1.39836
        0         0         0         1
18	19	50
 0.943253 -0.168969  0.285874 -0.379201
 0.151301  0.984999   0.08297 -0.299267
-0.295605 -0.035009  0.954669  0.607455
       -0        -0        -0         1
19	20	50
 0.936512 -0.177148  0.302595 -0.445048
 0.151329  0.982682  0.106938 -0.282029
-0.316298 -0.054357  0.947101  0.527635
        0         0         0         1
21	23	50
 0.982774  0.140027 -0.120615 -0.381245
-0.167032   0.95229  -0.25543  0.465779
 0.079093  0.271177  0.959274  -0.32912
        0         0         0         1
20	22	50
 0.768619 -0.337218  0.543607 -0.507713
 0.384799  0.922569  0.028225 -0.785396
-0.511032  0.187486  0.838865   1.01895
       -0        -0         0         1
16	18	50
  0.99646  0.082996  0.013401 -0.906008
-0.083645  0.994761  0.058776  0.524323
-0.008453 -0.059689  0.998181 -0.083386
        0         0         0         1
17	19	50
 0.704576 -0.375648  0.602048 -0.202967
 0.335265  0.923953  0.184141 -0.726972
-0.625436  0.072104  0.776937   1.46646
       -0        -0         0         1
18	20	50
 0.780168 -0.360534  0.511228 -0.216785
 0.284127  0.932282  0.223878 -0.511611
-0.557324 -0.029409  0.829774  0.913536
       -0        -0        -0         1
22	24	50
-0.154027 -0.349948  0.924019  0.528931
 0.385605  0.839733  0.382305  -1.46491
-0.909717  0.415192    0.0056   2.88659
        0         0         0         1
19	21	50
 0.761426 -0.301747  0.573741 -0.707626
 0.289762  0.950145  0.115159  -0.56167
-0.579887  0.078563    0.8109   1.10307
       -0        -0         0         1
21	24	50
   0.3248 -0.325942  0.887844  0.032726
 0.437525  0.884035  0.164484  -1.43217
-0.838497  0.335029  0.429742   2.18532
        0         0         0         1
17	20	50
 0.473087  -0.49672  0.727638 -0.201538
 0.376355    0.8607   0.34286 -0.948826
-0.796583  0.111648   0.59413   1.97468
       -0        -0         0         1
18	21	50
 0.586592 -0.502489  0.635149 -0.605575
 0.484077  0.846277  0.222451 -0.969503
-0.649291  0.176973  0.739663   1.43025
       -0        -0         0         1
19	22	50
 0.871783  -0.22762  0.433801 -0.621069
 0.228069  0.972265   0.05182 -0.409507
-0.433565  0.053761  0.899517  0.561883
       -0        -0         0         1
21	25	50
-0.999188 -0.026543   0.03031   3.19312
-0.010294 -0.559146 -0.829005   4.92173
 0.038952 -0.828644  0.558419   2.29769
        0         0         0         1
16	20	50
 0.735126 -0.425544  0.527733  -1.19237
 0.381991  0.903115  0.196129 -0.232167
-0.560065   0.05741  0.826457  0.782977
        0         0         0         1
17	21	50
 0.180459 -0.499019  0.847593  0.104464
 0.421137  0.817956  0.391907  -1.09367
-0.888864   0.28623  0.357763   2.27876
       -0        -0         0         1
18	22	50
  0.48377 -0.377261   0.78971 -0.887712
 0.354867  0.909375  0.217039  -1.00835
-0.800023  0.175245  0.573806   2.02961
       -0        -0         0         1
20	25	50
 0.986374 -0.072142  0.147857 -0.180582
 0.080484  0.995439 -0.051228 -0.157914
-0.143487   0.06243  0.987681 -0.250143
        0         0         0         1
22	26	50
 0.891717 -0.148901  0.427398 -0.522816
 0.148284  0.988327  0.034944 -0.399413
-0.427612  0.032216  0.903388   0.78771
        0         0         0         1
17	22	50
 0.248438 -0.449634  0.857967 -0.129506
 0.391449  0.856793  0.335668  -1.16772
-0.886028  0.252457  0.388869   2.33993
       -0        -0         0         1
16	22	50
 0.632173  0.279276 -0.722746  0.931988
-0.361617  0.931308  0.043567  0.848859
 0.685267  0.233815  0.689739 -0.882498
       -0         0         0         1
15	27	50
-0.600435 -0.322708  0.731668   1.65667
-0.408311 -0.662979 -0.627488    4.1253
 0.687575 -0.675514   0.26631   0.15804
        0         0         0         1
20	27	50
 0.563202  0.287801  -0.77458    1.7948
-0.466316  0.884557 -0.010397  0.572753
 0.682168  0.367054  0.632391 -0.719127
        0         0         0         1
17	24	50
 0.536075 -0.320615  0.780916 -0.173172
 0.363197   0.92267   0.12949 -0.987219
-0.762045   0.21421  0.611066    1.4708
        0         0         0         1
15	28	50
-0.783445  0.095368    0.6141   1.84355
 0.364878  0.870493  0.330311  -1.19842
-0.503069  0.482852 -0.716781    2.6487
        0         0         0         1
17	25	50
-0.922089  0.157895 -0.353301   2.69099
-0.194539  0.600085   0.77592  -1.00722
 0.334525  0.784198 -0.522615   1.52591
        0         0         0         1
17	26	50
 0.462646 -0.392679  0.794835 -0.386247
 0.366599  0.901049  0.231767  -0.83526
-0.807195   0.18416  0.560823   1.36998
        0         0         0         1
15	29	50
 0.184313 -0.894109 -0.408165   2.25953
 0.865229  0.344608 -0.364176   0.11233
  0.46627 -0.286034  0.837124  0.061957
        0         0         0         1
17	27	50
 0.962983  -0.09822   0.25103 -0.526019
 0.144073   0.97462 -0.171345 -0.198632
-0.227829  0.201169  0.952694  0.521666
        0         0         0         1
16	26	50
-0.926276  0.109688 -0.360528   3.17326
 0.200097 -0.667537 -0.717186   4.31022
-0.319333 -0.736453  0.596376   1.88939
        0         0         0         1
16	27	50
 0.912856  0.313759 -0.261245 -0.811218
-0.271759  0.944469  0.184729  0.624567
 0.304699 -0.097635  0.947431 -0.398663
        0         0         0         1
15	31	50
 0.940174  0.007221 -0.340618 -0.109333
-0.103357  0.958704 -0.264962  0.831215
 0.324638  0.284315  0.902095 -0.640894
        0         0         0         1
22	31	50
 0.985436 -0.037083  0.165957  0.792021
  0.05753  0.991088 -0.120148 -0.307422
-0.160022  0.127946  0.978786  0.788794
        0         0         0         1
18	31	50
  0.91155 -0.243907  0.331038  0.444762
 0.303054   0.94264 -0.139961 -0.444573
-0.277912  0.227903   0.93318  0.795787
        0         0         0         1
22	32	50
 0.213836  0.302553 -0.928836   2.81071
-0.409862  0.890878  0.195831   0.18823
 0.886729  0.338818  0.314506  -0.33558
        0         0         0         1
18	32	50
  0.98859  0.053857 -0.140672   0.07347
-0.060241   0.99732 -0.041526  0.016889
 0.138059  0.049526  0.989185 -0.299198
        0         0         0         1
17	31	50
 0.469548  -0.35157  0.809891  0.574093
 0.365745  0.912346  0.183998 -0.776862
-0.803589  0.209818  0.556975   1.51923
        0         0         0         1
17	32	50
 0.974909 -0.156717  0.158086 -0.123126
 0.163789  0.985954 -0.032667 -0.361507
-0.150746   0.05774  0.986885  0.368284
        0         0         0         1
20	33	50
  0.91107   0.15328 -0.382696  0.640216
-0.202057  0.975189  -0.09044  0.153834
 0.359339  0.159723  0.919437 -0.047841
        0         0         0         1
19	33	50
 0.982843 -0.162834 -0.086627  0.443253
 0.144427  0.971563 -0.187631 -0.296174
 0.114716    0.1719  0.978412 -0.018067
        0         0         0         1
22	33	50
 0.458182  0.473926 -0.751974   1.55333
-0.393435  0.866744  0.306536   0.21795
 0.797043  0.155404  0.583585 -0.111164
        0         0         0         1
21	33	50
-0.472718  0.423584 -0.772732   2.29702
-0.499907  0.593232  0.631006 -0.269881
 0.725693  0.684582 -0.068679  0.770597
        0         0         0         1
17	33	50
 0.991501 -0.076164   0.10547 -0.224069
 0.061066  0.988318  0.139638 -0.185258
-0.114873  -0.13201   0.98457   0.55427
        0         0         0         1
15	34	50
 0.867453 -0.478413  0.136552  0.397301
-0.469593 -0.877981 -0.092912   2.69012
  0.16434  0.016473 -0.986266   3.18109
       -0         0         0         1
22	34	50
 0.926086  0.362567 -0.104455 -0.246488
-0.361352  0.931914  0.030997  0.618654
 0.108582   0.00904  0.994046  0.521933
        0         0         0         1
15	35	50
  0.87721 -0.348352  0.330383  0.315781
 0.402801  0.908455 -0.111624  -0.19805
-0.261254  0.230997  0.937223  0.232732
        0         0         0         1
15	36	50
-0.996378  0.078577 -0.032494     2.456
 0.009632  0.483988  0.875022 -0.879442
 0.084484   0.87154 -0.482992  0.962313
       -0         0        -0         1
21	36	50
-0.980067 -0.183521 -0.076086   3.00894
-0.128678  0.878183 -0.460691  0.111499
 0.151364 -0.441717 -0.884294   4.22944
        0         0         0         1
17	36	50
 0.784991  0.523157  0.331806 -0.773985
-0.338528 -0.086315  0.936989   1.09661
 0.518833 -0.847854  0.109347   2.33069
        0         0         0         1
15	37	50
-0.979663 -0.200484 -0.008178    2.5955
 -0.09157  0.410444  0.907277  -1.14173
-0.178538  0.889574 -0.420455  0.954003
        0         0         0         1
19	37	50
  0.93707  0.340782  0.075945 -0.449938
 0.111938 -0.087201 -0.989882   2.60705
-0.330711   0.93609  -0.11986   1.03313
        0         0         0         1
17	38	50
 0.485885 -0.590382  0.644488    0.4881
 0.411333  0.805077  0.427383  -1.19198
-0.771182   0.05744  0.634019   1.24232
