4	5	53
-0.137774  0.962433  0.233967 -0.713889
   0.9304  0.044747  0.363804 -0.177297
 0.339668  0.267806 -0.901613   1.34488
       -0         0         0         1
3	4	53
 0.676712 -0.486157 -0.552913   1.42331
 0.599945  0.799426  0.031367 -0.483379
 0.426764 -0.352943  0.832648  0.134878
        0         0         0         1
1	2	53
 0.956027  0.124025  0.265765 -0.259354
-0.123182  0.992184 -0.019907  0.237737
-0.266157 -0.013706  0.963832   1.20598
        0         0         0         1
2	3	53
 0.691368  0.352361 -0.630755 -0.079068
-0.198393  0.932042  0.303213  0.565207
  0.69473 -0.084494   0.71429 -0.858305
        0         0         0         1
3	5	53
-0.178757 -0.656424  0.732908   2.82214
 0.930739 -0.354345 -0.090358   1.41943
 0.319016  0.665993  0.674301   -1.1902
        0         0         0         1
2	4	53
 0.065634  0.975269 -0.211052 -0.814483
-0.796203  0.178674  0.578045   3.06513
 0.601459  0.130101  0.788239  -1.14813
        0         0         0         1
1	3	53
 0.862479  0.349638   -0.3659 -0.605621
-0.227693  0.913762  0.336445   0.57816
 0.451979 -0.206864  0.867711  0.504772
        0         0         0         1
4	7	53
-0.551057   0.74166  0.382462  0.336816
-0.518029 -0.663364  0.539994   2.40761
 0.654203  0.099442  0.749753 -0.540507
       -0         0         0         1
0	1	53
 0.996833  0.013054  -0.07845 -0.243275
-0.008921  0.998565  0.052811 -0.602649
 0.079026 -0.051944  0.995518  0.306782
        0         0         0         1
7	8	53
 0.985105   0.12406 -0.119065  -0.43375
-0.110401   0.98719  0.115185 -0.006562
 0.131829 -0.100325  0.986183 -0.367903
        0         0         0         1
6	8	53
 0.785737  0.412529 -0.460909 -0.433935
 0.030255  0.718609  0.694756  0.161562
  0.61782 -0.559841  0.552156 -0.475514
        0         0         0         1
1	5	53
 0.982995  0.162257  0.085987  0.382648
 0.085495 -0.818792  0.567688    3.2488
 0.162517 -0.550683 -0.818741   4.05943
        0         0         0         1
2	7	53
-0.854624  -0.24907  0.455611    2.0631
-0.450812  0.791311 -0.413032   1.64882
-0.257656 -0.558382 -0.788557   4.20666
        0         0        -0         1
4	9	53
 0.868267 -0.427707 -0.251356  0.395074
 0.098097  0.644681 -0.758131   3.44658
 0.486303  0.633603  0.601712  -2.79201
       -0         0         0         1
5	9	53
-0.528551   0.29767 -0.795001   3.47047
-0.847791 -0.137213  0.512272   1.91213
 0.043403  0.944757  0.324886  -1.61453
       -0         0         0         1
3	8	53
-0.636913 -0.032037   0.77027  0.966437
 0.313138 -0.923755  0.220504   3.09899
 0.704476  0.381643  0.598383  -1.12466
       -0         0         0         1
7	9	53
 0.768637 -0.388208  0.508422  -0.95594
-0.441263 -0.897198 -0.017953   4.87736
 0.463125 -0.210548 -0.860921   3.46166
        0         0         0         1
1	8	53
 0.222062 -0.653284  0.723816   0.22488
 0.920323 -0.104735 -0.376878   2.76764
 0.322017  0.749834  0.577974 -0.628421
       -0         0         0         1
2	9	53
-0.829845 -0.422394   0.36461   1.71083
 0.554213  -0.69986  0.450604    1.2925
 0.064844  0.576003  0.814871  -2.20013
       -0         0         0         1
4	10	53
 0.742327 -0.642647   0.18962   1.22414
 0.328495  0.102403 -0.938938     3.364
 0.583988  0.759288  0.287123   -3.0399
       -0         0         0         1
5	10	53
-0.044158  0.917695 -0.394823  0.897009
-0.190692    0.3802  0.905033 -0.306584
 0.980656  0.115254  0.158208  -2.27943
       -0         0         0         1
7	10	53
  0.583658  -0.100857   0.805712   -2.20336
  0.499366   0.827018  -0.258216  -0.833798
 -0.640295   0.553055    0.53306 -0.0966521
         0          0          0          1
1	9	53
 0.766787  -0.30765  0.563373 -0.862198
  0.63878  0.279268 -0.716917   3.10456
 0.063228  0.909594   0.41066 -0.601843
       -0         0         0         1
2	10	53
  0.24155  0.640155 -0.729284   1.19892
-0.484409  0.730747  0.480995  0.372393
 0.840834  0.237087  0.486609  -2.85965
       -0         0         0         1
3	10	53
 0.792438  0.475556 -0.381954   0.08725
-0.451838  0.878328  0.156147  0.610837
 0.409738  0.048844  0.910895  -2.62937
       -0         0         0         1
0	7	53
 0.870434 -0.363303  0.332197   0.23715
  0.47187  0.423428 -0.773335   1.43534
 0.140293  0.829891  0.539998 -0.265731
        0         0         0         1
4	11	53
-0.685913  0.670754  0.282157   1.37649
-0.611643 -0.741494  0.275825   4.22403
 0.394229  0.016612  0.918862  -1.95447
       -0         0         0         1
5	11	53
 0.881206  0.310617 -0.356361  -0.47056
 0.471977 -0.535503  0.700338  0.634503
 0.026705 -0.785337 -0.618493   3.54025
        0         0         0         1
1	10	53
-0.267548 -0.950034  0.160793   3.80998
-0.073686  0.186561  0.979676 -0.832118
-0.960723  0.250262 -0.119919   4.65887
        0         0         0         1
6	11	53
 0.900253  0.209194 -0.381815   1.21169
0.000346005  0.876651  0.481127 -0.148636
 0.435367 -0.433268  0.789135  -1.36084
        0         0         0         1
2	11	53
0.510598 0.454109 -0.73012 0.614387
-0.353625 0.884922 0.303088 0.847346
0.783734 0.103433 0.612424 -2.37002
      -0        0        0        1
3	11	53
 0.944716  0.235795 -0.227842 -0.576766
 -0.25994  0.962129 -0.082093  0.950461
 0.199857   0.13678  0.970231   -1.6144
       -0         0         0         1
2	12	53
 0.938669  0.310095 -0.150802 -0.717829
-0.291236  0.947113  0.134753  0.702855
 0.184613  -0.08257  0.979337 -0.780869
        0         0         0         1
4	12	53
-0.060567  0.948723 -0.310252  0.377842
 -0.99697 -0.072698 -0.027675   3.70581
-0.048811  0.307635  0.950251  -1.17488
       -0         0        -0         1
7	12	53
 0.940777 -0.206756  0.268684 -0.928978
 0.259803  0.948823 -0.179545 -0.920958
-0.217812  0.238717  0.946347  0.119905
        0         0         0         1
3	12	53
 0.623237 -0.758135  0.191851   1.88249
  0.77077  0.554004 -0.314632 -0.005084
 0.132247  0.343963  0.929624  -1.35525
       -0         0         0         1
4	13	53
-0.889953 -0.399174  0.220554   4.01439
 0.389243  -0.91685  -0.08875   2.87347
 0.237641  0.006866  0.971329 -0.624908
       -0         0         0         1
2	14	53
 0.532295 -0.658106  0.532502   1.21008
 0.507659  0.751515  0.421316 -0.725824
-0.677454  0.046065  0.734121   1.19414
       -0        -0         0         1
4	14	53
-0.989444 -0.060151 -0.131844    3.9213
 0.076419 -0.989581 -0.122025   3.86398
 -0.12313 -0.130813  0.983731  0.260131
        0        -0         0         1
5	14	53
 -0.322509   0.091508  -0.942133    4.43071
 -0.288267  -0.957533 0.00567499     3.9223
 -0.901604   0.273416   0.335192    1.71148
         0          0          0          1
3	14	53
-0.724727 -0.681977 -0.098378   4.44975
 0.653551  -0.72559  0.215383   1.55011
-0.218269  0.091799  0.971561 -0.116071
       -0         0        -0         1
1	14	53
 0.386196 -0.252166   0.88728 -0.108204
 0.258625  0.952926  0.158254 -0.486496
-0.885418  0.168355  0.433233   2.46108
       -0        -0         0         1
4	15	53
-0.812581 -0.567213    0.1341      4.21
-0.541636  0.819844  0.185704  0.440055
-0.215274  0.078266 -0.973412   3.04339
        0         0         0         1
2	15	53
 0.922732  0.254742  0.289261  -1.64063
-0.244439  0.966999 -0.071851  0.162437
-0.298019 -0.004407   0.95455   0.52399
        0         0         0         1
1	15	53
 0.127884  0.849046  0.512607  -1.41516
 -0.81697  0.383224 -0.430928    3.2788
-0.562321 -0.363676  0.742654   3.06629
        0         0         0         1
4	16	53
 0.733424 -0.562691  0.381402   1.24191
 0.599848  0.799682  0.026301 -0.793905
-0.319799  0.209494  0.924035  0.408012
       -0        -0         0         1
6	16	53
 0.982326 -0.175408  0.065325  0.815355
 0.149163  0.944434  0.292907  0.187969
-0.113073 -0.277987  0.953907  0.664365
        0         0         0         1
4	17	53
-0.570335  0.053253  0.819684  0.602328
 -0.80518 -0.233651 -0.545062    4.5394
 0.162494 -0.970861  0.176138  0.780802
        0         0         0         1
6	17	53
 0.817066  0.158776 -0.554251  0.445182
 0.051171  0.937567  0.344019  0.257607
  0.57427 -0.309447  0.757929 -0.623364
        0         0         0         1
4	18	53
 0.954245  0.180629 -0.238304  0.336039
-0.142569  0.975353  0.168405  -0.10315
 0.262849 -0.126725  0.956478  -2.02887
        0         0         0         1
5	18	53
 0.002795  0.040867 -0.999161   3.69493
 0.169977  0.984605  0.040747 -0.014708
 0.985444 -0.169948 -0.004194  -1.04094
        0         0         0         1
1	18	53
0.084667 -0.99343    0.077  2.40326
0.993524 0.090045 0.069292 0.326234
-0.07577 0.070635  0.99462 -1.13521
      -0       -0        0        1
3	18	53
-0.946719 -0.072394  0.313817   2.44774
-0.178359 -0.693481 -0.698049   5.30479
 0.268161 -0.716829   0.64362 0.0251021
        0         0         0         1
4	19	53
-0.937814 -0.164314  0.305787    2.4002
 0.131486 -0.983384 -0.125167     3.453
 0.321273 -0.077176  0.943837  -2.28052
        0         0         0         1
1	19	53
  0.609818   0.157344  -0.776766    2.17565
  -0.24574    0.96933 0.00342699   0.683062
  0.753481   0.188793    0.62978   -1.66226
        -0          0          0          1
6	19	53
 0.952639   0.03635 -0.301924 -0.011214
-0.008426  0.995604  0.093277 -0.053972
 0.303987 -0.086315  0.948758  -1.23317
        0         0         0         1
3	19	53
-0.997667 -0.064357  0.022769   2.93671
 0.033221 -0.749081 -0.661644   4.89321
 0.059637 -0.659344  0.749472 -0.365037
        0         0         0         1
7	20	53
 0.982315 -0.090254  0.164048 -0.600557
 0.125656  0.967319 -0.220239 -0.495849
-0.138809  0.236958  0.961552 -0.294253
        0         0         0         1
6	20	53
 0.991124  0.070247 -0.112868 -0.493837
-0.039011    0.9653  0.258214  0.196624
  0.12709 -0.251518  0.959472 -0.721268
        0         0         0         1
3	20	53
 0.763065 -0.541978 -0.352124   2.38609
 0.354535 -0.104532  0.929181  -1.01482
-0.540404 -0.833867  0.112386   3.14302
       -0        -0        -0         1
4	21	53
 0.059086 -0.943602  0.325768   2.32214
  0.92173 -0.073736 -0.380759   1.74742
 0.383306  0.322768  0.865389   -2.1759
       -0         0         0         1
6	21	53
 0.964839 -0.090225  0.246871 -0.992207
-0.033021  0.890187  0.454397  0.061014
-0.260759 -0.446572  0.855908  0.747027
       -0        -0        -0         1
2	21	53
 0.916708  0.381828 -0.117702 -0.507285
-0.338507  0.898677  0.278914  0.935626
 0.212273 -0.215839  0.953076  -1.41507
        0         0         0         1
4	22	53
 0.348654  0.935988 -0.048647  0.430743
-0.937017  0.349258  0.004246   2.32359
 0.020965  0.044102  0.998807  -1.25438
       -0         0         0         1
5	22	53
-0.855854  0.513555  0.061448   1.81538
-0.492704 -0.773373  -0.39892   4.47725
-0.157345 -0.371693  0.914925 -0.680016
       -0        -0         0         1
2	22	53
 0.995326  0.067649 -0.068923 -0.283649
-0.036987  0.926278  0.375022  0.258647
 0.089212 -0.370719   0.92445 -0.887729
        0         0         0         1
7	22	53
 0.460655 -0.542706   0.70233  0.271501
 0.581466  0.782364  0.223168  -1.48642
-0.670592  0.305578  0.675965  0.796475
       -0        -0         0         1
3	22	53
  0.82059 -0.523185  0.230021  0.833361
 0.484256  0.850248  0.206336 -0.159242
-0.303526 -0.057928  0.951061 -0.540882
       -0        -0        -0         1
1	22	53
 0.878491  0.290595  0.379222 -0.843016
-0.407217  0.870553  0.276246  0.941563
-0.249857 -0.397105  0.883108  0.502654
        0        -0         0         1
2	23	53
 0.967849  0.046323   0.24723 -0.997044
 -0.03141   0.99746 -0.063928  0.145753
-0.249563  0.054108  0.966846  -1.27335
       -0         0        -0         1
5	23	53
-0.986197 -0.064571 -0.152468    3.2522
-0.063309  0.997908 -0.013122  0.777201
 0.152997 -0.003288 -0.988221   3.69737
        0         0        -0         1
7	23	53
-0.288298  0.945452  0.151671 -0.176287
-0.853268 -0.325541  0.407379    2.6616
 0.434533  -0.01197  0.900577  -1.39095
        0         0         0         1
4	23	53
 0.758193  0.645463 -0.092309 -0.270901
-0.645711  0.723619 -0.243789   1.79479
 -0.09056  0.244444  0.965425  -1.62989
        0         0         0         1
3	23	53
-0.718405 -0.681699  0.138494   3.44856
 0.595479 -0.705582 -0.384133   3.34404
 0.359582 -0.193493  0.912831  -1.00258
        0         0         0         1
1	23	53
 0.877608 -0.004059  0.479362   -1.2175
 0.013385  0.999782 -0.016038 -0.135617
-0.479192  0.020491  0.877471  0.201082
        0         0         0         1
4	24	53
-0.187489  0.911992 -0.364855  0.861767
-0.647083 -0.394129 -0.652646   4.75423
-0.739007  0.113728  0.664029  0.803922
       -0         0        -0         1
2	24	53
 0.975265 -0.050378  0.215221 -0.981197
 0.020313  0.989988  0.139684   0.17289
-0.220103 -0.131857  0.966524 -0.144191
       -0        -0        -0         1
3	24	53
 0.935807   0.12596  -0.32924  0.290554
 -0.16794  0.980482 -0.102228  0.397879
 0.309937  0.150958  0.938696  -1.05777
       -0         0         0         1
4	25	53
 0.345203 -0.931884 -0.111481   2.93231
-0.669241  -0.32769  0.666885   2.50136
-0.657991 -0.155603 -0.736774   3.71146
        0        -0         0         1
2	26	53
-0.966191  -0.01719 -0.257253   4.44266
-0.166197 -0.721287  0.672401   3.09571
-0.197112  0.692423  0.694044 -0.981728
       -0         0         0         1
4	26	53
 0.661706   0.22189  0.716177  -2.25501
-0.628545 -0.356581  0.691217   2.42682
 0.408749 -0.907532 -0.096484   2.54493
        0         0         0         1
1	26	53
-0.726126  0.396377 -0.561806   3.43911
-0.676514 -0.557772  0.480853   4.18339
-0.122761   0.72923  0.673167 -0.445119
        0         0         0         1
7	26	53
 0.936011  0.125247 -0.328934  -1.49274
-0.183941  0.970837 -0.153759  0.593989
 0.300083  0.204425  0.931751  -1.42363
       -0         0         0         1
3	26	53
  0.81343   0.57805 -0.064735  -1.49441
 -0.12055  0.058659 -0.990973   3.83871
-0.569034   0.81389  0.117399  0.908056
        0         0         0         1
7	27	53
 0.916328 -0.169282  0.362887  -1.15325
 0.262715  0.938086 -0.225777 -0.239686
-0.302199  0.302222  0.904067 -0.319581
        0         0         0         1
1	27	53
-0.536523 -0.234271  0.810716   2.03089
 0.785456 -0.489889  0.378243   1.28426
 0.308549  0.839718  0.446846  -1.35426
       -0         0         0         1
2	27	53
 0.974046 -0.208008  0.089261 -0.169704
 0.126302  0.172219 -0.976928   3.77274
 0.187837  0.962846  0.194022  -1.58983
       -0         0         0         1
4	27	53
 0.630649 -0.746419  0.212462  0.466855
 0.608257  0.305375 -0.732645  0.949548
  0.48198  0.591274  0.646599  -2.98922
       -0         0         0         1
5	28	53
 0.829013  0.242212 -0.504055  0.565423
 0.153672  0.767973  0.621774 -0.903232
 0.537702 -0.592918  0.599438 -0.779225
        0         0         0         1
4	28	53
  0.09371 -0.796378  0.597496   1.69142
 0.838075 -0.260869 -0.479143   1.39275
 0.537447  0.545646  0.642978  -2.57408
       -0         0         0         1
3	28	53
   0.4658 -0.881488  0.077513   1.87376
 0.729538  0.332973 -0.597414  0.899197
 0.500804  0.334824  0.798178  -2.33967
       -0         0         0         1
4	29	53
 0.523211 -0.776463   0.35122   1.57788
 0.773683  0.259993 -0.577771  0.190279
 0.357303  0.574029  0.736767  -2.00982
       -0         0         0         1
2	29	53
 0.694284  0.315653 -0.646786   2.32977
-0.251915  0.948422  0.192445  0.545399
 0.674172  0.029324  0.737992  -1.50773
       -0         0         0         1
7	29	53
-0.758064  0.020615  0.651854  0.960793
 0.323065 -0.856383  0.402787   2.04333
  0.56654   0.51593  0.642533   -1.8969
       -0         0         0         1
1	29	53
 0.814546 -0.036918 -0.578924   2.86426
 0.012505  0.998858 -0.046102  0.633106
 0.579965  0.030312  0.814077  -1.02008
       -0         0         0         1
3	29	53
  0.99789  0.005306 -0.064704 -0.272144
-0.017716  0.981082 -0.192779  0.459787
 0.062457  0.193519  0.979106  -1.01914
       -0         0         0         1
6	29	53
 0.996168  0.064776 -0.058773   0.14518
-0.039897  0.934498  0.353725  0.172354
 0.077836 -0.350025  0.933501 -0.276937
        0         0         0         1
2	30	53
 0.210658 -0.119119 -0.970275   2.50557
-0.250702   0.95277   -0.1714   1.70471
 0.944866  0.279357  0.170845  -1.48375
       -0         0         0         1
4	30	53
 0.642909 -0.722837   0.25333   1.33022
 0.220424 -0.142146 -0.964991   3.26261
  0.73354  0.676241  0.067944  -1.52045
       -0         0         0         1
3	30	53
 0.864317  0.214266 -0.455024  0.307585
-0.303338  0.943724   -0.1318   1.01509
 0.401177  0.251943  0.880672  -1.41833
       -0         0         0         1
7	31	53
 0.966818  0.145045 -0.210299  0.537061
-0.198442  0.944815 -0.260662  0.879942
 0.160886  0.293745  0.942247  -0.65157
       -0         0         0         1
0	28	53
 0.955978  -0.05629  -0.28799   1.28091
 0.103547  0.983006  0.151584 -0.392174
 0.274563 -0.174731   0.94556 -0.389923
        0         0        -0         1
7	32	53
 0.941083  0.227768  -0.24997  0.319212
-0.237365  0.971383 -0.008523  0.531075
 0.240876  0.067355  0.968216   -1.0926
       -0         0         0         1
4	32	53
 0.814047 -0.573065 -0.094468  0.934079
 0.023024  0.194365 -0.980659   3.58898
 0.580342  0.796128  0.171416  -1.54195
       -0         0         0         1
1	32	53
-0.152113  0.678446  -0.71873   2.44442
-0.959969 -0.274468 -0.055915   4.02615
-0.235203  0.681454  0.693037 -0.453482
       -0         0        -0         1
5	32	53
 0.392027 -0.737774  0.549549  0.194193
 0.911753  0.391176 -0.125253   0.57067
-0.122562  0.550155  0.826019  -1.92741
        0         0         0         1
0	29	53
 0.820944    0.2094 -0.531227   1.67997
-0.083099   0.96424  0.251667 -0.171587
  0.56493  -0.16246  0.808988  -0.23658
        0         0         0         1
6	32	53
 0.639519  0.452825 -0.621261   0.62613
 -0.07744  0.841952  0.533966  0.293975
 0.764865 -0.293371  0.573511  -1.09515
        0         0         0         1
3	32	53
 0.593537 -0.434919  -0.67717   2.42758
 -0.31214  0.651145 -0.691794   3.33083
  0.74181  0.621977  0.250723  -1.82297
       -0         0         0         1
4	33	53
  0.71034 -0.698654  0.085438   1.19006
 0.279634  0.168728 -0.945164   2.98697
 0.645927   0.69528  0.315221  -2.05126
       -0         0         0         1
2	33	53
 0.215828  0.948179 -0.233184  0.035037
-0.467378  0.309996  0.827925  0.468792
 0.857308 -0.069704  0.510064  -1.98844
        0         0         0         1
7	33	53
 0.864112  0.340259 -0.370857 -0.041852
-0.331662  0.939198  0.088922  0.274584
 0.378564   0.04616  0.924423  -1.35322
       -0         0         0         1
1	33	53
-0.220266   0.58208  -0.78273   3.33342
 0.918649  0.393594  0.034183  0.445697
 0.327975 -0.711524 -0.621423   5.01223
        0         0        -0         1
3	33	53
-0.799803  0.199186  0.566251  0.595596
 0.059887 -0.912154  0.405449   1.78562
 0.597267  0.358191  0.717615  -1.99472
       -0         0         0         1
4	34	53
 0.109233 -0.877238  0.467463   2.52125
 0.624455 -0.305335 -0.718907   1.67157
 0.773385  0.370437  0.514443  -2.92196
       -0         0         0         1
7	34	53
 0.872975 -0.312938  0.374145 -0.321122
 0.318801   0.94661  0.047909  -1.06504
-0.369162  0.077455  0.926132 -0.031753
       -0        -0         0         1
1	34	53
-0.862949 -0.499601  0.075612   4.60554
-0.164025  0.418511  0.893277  0.197081
-0.477927  0.758451 -0.443101   3.32542
        0         0         0         1
5	34	53
-0.945709 -0.130894  0.297493   3.47198
-0.00794801  -0.90573  -0.42378   4.78615
 0.324918 -0.403137  0.855517 -0.995716
        0         0         0         1
3	34	53
 0.979769 -0.199824 -0.011083 -0.743482
 0.199835   0.97983  -0.00015 -0.606743
  0.01089 -0.002068  0.999939 -0.601199
        0         0         0         1
2	34	53
 0.749727  0.118558  -0.65104 -0.296295
 0.025006  0.978042  0.206904 -0.036768
 0.661274 -0.171402    0.7303  -1.88497
        0         0         0         1
6	34	53
 0.994578 -0.095152  0.041956 -0.234646
  0.05476  0.822199   0.56656 -0.432443
-0.088405  -0.56119  0.822952  0.592071
       -0        -0        -0         1
0	33	53
 0.464687   0.51574 -0.719777   1.63374
 -0.15239  0.847322  0.508746 -0.480045
 0.872263 -0.126721  0.472333  -0.67287
        0         0         0         1
2	35	53
 0.997529  0.069422  0.010781  -1.26883
-0.069369  0.949003  0.307539  0.015918
 0.011119 -0.307527  0.951474 -0.851108
        0         0        -0         1
5	35	53
 0.987724 -0.021212  -0.15476 -0.463006
 0.131956  0.643502  0.753985 -0.971441
 0.083595 -0.765151  0.638402  0.245503
        0         0        -0         1
4	35	53
  0.86515 -0.117363 -0.487587  0.372101
-0.028145  0.959338 -0.280853  0.700758
 0.500722  0.256703  0.826668  -2.71649
       -0         0         0         1
3	35	53
 0.614763  0.512043 -0.599898  0.181982
-0.544518  0.825794  0.146845    1.6827
 0.570584   0.23638  0.786485  -2.75006
       -0         0         0         1
1	35	53
 0.956196 -0.005182  0.292682 -0.373634
-0.063394   0.97245  0.224327  0.093659
-0.285781 -0.233055  0.929524   0.44401
       -0        -0        -0         1
0	34	53
 0.808694 -0.127423 -0.574262   2.25557
 0.297874  0.930539  0.212998  -1.12095
 0.507233 -0.343308  0.790477 -0.137426
        0         0        -0         1
4	36	53
-0.923759 -0.230024  0.306201   3.73014
 0.048535 -0.863401 -0.502179   4.41796
 0.379887 -0.449031  0.808738  -1.56877
        0         0         0         1
2	36	53
  0.64497  0.565374  0.514166  -2.82497
-0.552088  0.809924 -0.198048   2.60367
-0.528406  -0.15613  0.834512  0.119887
        0        -0         0         1
1	36	53
-0.780186  0.352319 -0.516896   3.96504
-0.138848  0.708164  0.692261 -0.788613
 0.609944  0.611862  -0.50358   1.57684
       -0         0        -0         1
5	36	53
 0.861747 -0.499784  0.087224  0.317052
 0.251948  0.570803  0.781477  -1.12762
-0.440358 -0.651459  0.617807    1.1219
       -0        -0        -0         1
3	36	53
 0.883827  0.414547 -0.216798 -0.972464
-0.350352  0.893639  0.280468  0.596977
 0.310006 -0.171929   0.93506  -1.92724
        0         0         0         1
0	35	53
 0.980351  0.034259  0.194266 -0.825764
-0.104542  0.925364  0.364379 -0.528335
-0.167283 -0.377528  0.910763  0.890915
        0        -0         0         1
4	37	53
-0.993513 -0.097102 -0.059182   4.56613
 0.113411 -0.884189 -0.453153   4.14805
-0.008326 -0.456925  0.889466  -1.09588
        0        -0         0         1
1	37	53
 0.507584 -0.414912   0.75512  0.441619
 0.301638  0.906524  0.295345 -0.782743
-0.807077   0.07786   0.58529   1.50907
       -0        -0         0         1
6	37	53
 0.093712 -0.387724     0.917 -0.402094
 0.074707  0.921195  0.381863 -0.700175
-0.992793  0.032721  0.115292   2.90699
       -0        -0         0         1
5	37	53
-0.385707  0.546294   -0.7435   2.03718
-0.309211 -0.835792 -0.453697    5.2641
-0.869263  0.054905  0.491291  0.787804
       -0         0        -0         1
2	37	53
 0.206365  -0.94729 -0.245063   3.81561
 0.803923  0.021376  0.594349  0.421113
-0.557783 -0.319664  0.765959   1.08532
        0        -0         0         1
3	37	53
-0.283885 -0.944805   0.16356     4.195
 0.879299 -0.188484  0.437387  0.790969
-0.382417  0.267986  0.884274 -0.657788
        0         0         0         1
0	36	53
-0.857526  0.289039 -0.425564   3.88241
 0.097282 -0.721202  -0.68586   4.64891
-0.505158 -0.629542  0.590332   2.72169
        0        -0         0         1
2	38	53
 0.871614 -0.096421  0.480616 -0.971369
 0.004604  0.982031  0.188665 -0.363252
-0.490171  -0.16223  0.856396  0.547578
       -0        -0        -0         1
4	38	53
-0.862089 -0.486028  0.143457   4.35824
   0.4586 -0.868698 -0.187215   2.83783
 0.215613 -0.095607  0.971787  -1.26149
        0         0         0         1
5	38	53
  0.03099  0.939444  0.341299 -0.882717
-0.925899  0.155604 -0.344237   4.27043
-0.376499  -0.30534  0.874652  0.443186
        0        -0         0         1
1	38	53
 0.736042 -0.405329  0.542172 -0.251695
 0.231145  0.903271  0.361489 -0.667011
 -0.63625 -0.140751  0.758534   1.87234
       -0        -0        -0         1
3	38	53
-0.410495 -0.905338 -0.108886   4.52898
 0.911559 -0.404339 -0.074632  0.914047
  0.02354 -0.129893  0.991249 -0.637554
        0         0        -0         1
4	39	53
 0.094819 -0.727858 -0.679141   3.94878
  0.95672 -0.121919  0.264239  -1.48865
-0.275129 -0.674802  0.684796   1.94589
       -0        -0        -0         1
7	39	53
-0.996414 -0.019831   0.08225   4.17375
-0.054479 -0.593404 -0.803059   4.31436
 0.064733  -0.80466  0.590196   1.66232
        0         0         0         1
2	39	53
 0.876869 -0.081546  0.473762  -2.03041
-0.142334 -0.985361  0.093835   4.25538
 0.459174 -0.149714  -0.87564   2.26016
        0         0         0         1
1	39	53
 0.029491  0.996017  0.084145  -1.34323
  0.80282 -0.073753  0.591642  -1.04491
 0.595492  0.050105 -0.801797   2.26946
       -0         0         0         1
3	39	53
 0.219394 -0.788111  0.575106   1.74503
 0.964814  0.262815 -0.007906    -1.262
-0.144916  0.556604  0.818041 -0.909603
        0         0         0         1
0	38	53
 0.786708 -0.366469  0.496781 -0.999671
 0.156324  0.896765  0.413976 -0.877668
-0.597205 -0.248019   0.76278   2.38304
       -0        -0        -0         1
0	39	53
 -0.94519  0.197854 -0.259749   4.16929
-0.075126 -0.905939  -0.41669    4.6345
 -0.31776 -0.374337  0.871149   2.28867
        0         0         0         1
2	40	53
-0.426114 -0.365958 -0.827346   3.98894
 0.533564 -0.840198  0.096838   3.04449
-0.730573 -0.400178  0.553282   2.06951
       -0        -0        -0         1
4	40	53
 0.919189 -0.318492  0.231635   0.54882
  0.24663  0.924097  0.291921  -1.01741
-0.307028 -0.211202   0.92797  0.463415
       -0        -0        -0         1
3	40	53
-0.915553  0.351586 -0.195318   2.91898
-0.032736 -0.549161 -0.835075   4.65247
-0.400862 -0.758162  0.514296   2.44966
        0        -0         0         1
7	40	53
-0.807382  0.104803 -0.580647    3.6559
 0.380999  -0.65882 -0.648688   3.43225
-0.450526 -0.744965  0.491989   2.75193
        0        -0         0         1
4	41	53
  0.135131  -0.510846   0.848985    2.62311
  0.954437   0.297197   0.026912 -0.0776119
 -0.266064   0.806666   0.527731   -1.97576
        -0         -0          0          1
2	41	53
 0.991258  0.103416 -0.081934 -0.029695
 -0.13091  0.848334 -0.513022  0.153599
 0.016453  0.519263  0.854456  -1.56818
       -0         0         0         1
5	41	53
-0.840672  0.426756 -0.333392   1.36525
-0.511581 -0.827766  0.230412   4.70817
-0.177641  0.364257  0.914199   -1.1085
        0         0         0         1
1	41	53
    -0.50171     0.865036 -0.000752003      -1.2616
   -0.809629     -0.46988     -0.35173      4.88278
   -0.304613    -0.175858     0.936101      1.79861
           0           -0            0            1
4	42	53
 0.689389 -0.654179  0.311116   1.24321
 0.712279  0.533948 -0.455584  -0.41933
 0.131914  0.535676  0.834056  -1.69905
       -0         0         0         1
3	42	53
-0.356585  0.791051 -0.497077     1.112
-0.927323 -0.364412    0.0853   4.93884
-0.113664  0.491367  0.863504 -0.703043
        0         0         0         1
7	42	53
 0.143538 -0.399408  0.905467  0.921586
 0.661841  0.718975  0.212228  -1.07443
-0.735774  0.568812  0.367545  0.468464
       -0        -0         0         1
4	43	53
-0.266139 -0.926389  0.266407   2.64893
 0.957235 -0.286524 -0.040073  0.123006
 0.113456  0.244349  0.963027  -1.69397
       -0         0         0         1
3	43	53
   0.685564   -0.569951    0.452944   -0.190408
    0.47172    0.821659    0.319932   -0.286769
  -0.554511 -0.00567099    0.832157    0.444908
         -0          -0          -0           1
7	43	53
 0.566403 -0.598888  0.566146   -0.0998
 0.588724  0.774753  0.230568  -1.20505
-0.576708  0.202709  0.791402  0.975602
       -0        -0         0         1
5	43	53
-0.185741 -0.853522  0.486827   2.22039
 0.956768 -0.044244  0.287469 -0.375361
-0.223822  0.519175   0.82484  -1.06296
        0         0         0         1
4	44	53
-0.593921  0.669672 -0.445867   2.74402
 -0.46975 -0.738575 -0.483571   5.09392
 -0.65314 -0.077757  0.753234   1.42492
        0        -0         0         1
1	44	53
 0.955751 -0.087396  0.280895  0.814962
 0.066538  0.994328  0.082972  0.497338
-0.286553  -0.06061  0.956145  0.733228
       -0        -0        -0         1
5	44	53
 0.995694 -0.075562 -0.053694  0.276035
 0.092612  0.835735  0.541267 -0.187754
 0.003974  -0.54391  0.839134  0.321299
        0         0        -0         1
2	44	53
-0.998851  0.007851 -0.047285   3.54282
 -0.02409  0.770617  0.636843 -0.308898
 0.041438   0.63725 -0.769542   1.97982
       -0         0        -0         1
3	44	53
  0.68895 -0.358985  0.629665 -0.421293
 0.505892  0.860289 -0.063055 -0.453053
-0.519059  0.361984  0.774303  0.509999
        0         0         0         1
0	44	53
 0.955437  0.101589  0.277163  0.209125
-0.125929  0.989464  0.071435  0.333786
-0.266986 -0.103154  0.958164    1.1958
        0         0         0         1
1	45	53
 0.927206  0.071204 -0.367722  0.921077
-0.074647  0.997198  0.004869   0.19965
 0.367038  0.022935  0.929923 -0.724789
       -0         0         0         1
4	45	53
-0.386196   0.20272  0.899865  -1.29227
 0.568901   0.82026  0.059369 -0.238978
-0.726088  0.534862 -0.432109   2.11663
        0         0         0         1
2	45	53
-0.794729 -0.131385  0.592573   3.15455
 0.225525  0.842476  0.489256  -1.27769
 -0.56351  0.522467  -0.63991   3.01197
        0         0         0         1
5	45	53
-0.584241  0.758533  0.288601  0.095682
-0.643166 -0.649618  0.405381   2.92653
 0.494976  0.051222  0.867396  -1.69652
       -0         0         0         1
3	45	53
 0.972733  -0.19061  0.132131   1.04323
 0.224176  0.918782 -0.324937  0.610295
-0.059464  0.345698   0.93646  -1.79134
        0         0         0         1
0	45	53
 0.903976  0.110198  -0.41314   0.58712
-0.087076  0.993416  0.074449 -0.429399
 0.418624 -0.031326  0.907619 -0.302996
        0         0         0         1
3	46	53
-0.728479 -0.268858  0.630106   3.60538
-0.293464 -0.708639 -0.641646   5.64989
 0.619029 -0.652339  0.437329  0.608274
        0         0         0         1
1	46	53
 -0.99673 -0.079651 -0.013569   4.13366
-0.072168  0.802111  0.592798 -0.595988
-0.036333  0.591839 -0.805237   2.33105
        0         0         0         1
2	47	53
  0.57383  0.297891 -0.762876 -0.076847
 -0.04192  0.940964    0.3359  -0.13713
 0.817901  -0.16077  0.552441  -1.19486
        0         0         0         1
1	47	53
-0.492134 -0.870171  0.024628   3.99201
-0.352549  0.225096  0.908318   1.06183
-0.795936  0.438331 -0.417556   3.92741
        0         0         0         1
0	46	53
 0.529407  -0.77803 -0.338228   1.67501
 0.779072  0.603671 -0.169199  -1.60687
  0.33582 -0.173929  0.925729  0.423749
        0         0         0         1
3	47	53
 0.772062  0.570819  0.279439  -1.31103
-0.635222  0.679009  0.368021   1.33608
 0.020332 -0.461641  0.886834  0.819492
        0         0         0         1
6	48	53
-0.716747  0.610565  0.336874   1.33238
-0.052485 -0.528952  0.847027   2.37792
 0.695355  0.589424  0.411171  -1.65852
        0         0         0         1
1	48	53
-0.986377 -0.061482  0.152578   4.36118
-0.049447 -0.773815 -0.631479   4.48501
 0.156892 -0.630421  0.760233    2.0428
        0         0         0         1
5	48	53
-0.964026  0.247729 -0.096356   3.02537
-0.230239 -0.959379 -0.163041   4.76105
-0.132832 -0.134991  0.981903  0.479833
        0         0         0         1
4	48	53
-0.477194 -0.586267  0.654658   3.48265
 0.474116 -0.798982  -0.36992   2.99243
 0.739932   0.13386  0.659228  -1.20741
        0         0         0         1
2	48	53
 0.809392  0.586441  0.031168  -1.73136
-0.586013  0.809992 -0.022387   1.40347
-0.038374 -0.000145  0.999263  0.101361
        0         0         0         1
0	47	53
-0.052837  0.931006  0.361159  -1.41373
-0.829421 -0.242324  0.503328   3.20021
 0.556119 -0.272959     0.785  0.499027
        0         0         0         1
3	48	53
-0.508751  0.314154  0.801549   1.08148
-0.859073 -0.124399 -0.496506   4.04408
-0.056268 -0.941187  0.333169   3.06873
        0         0         0         1
4	49	53
-0.472816 -0.777083  0.415436   4.25982
 0.822555 -0.220169  0.524337  -1.27614
-0.315987  0.589634  0.743293 -0.570423
        0         0         0         1
4	51	53
  0.43524 -0.771702  0.463726   1.51505
 0.813756  0.116834 -0.569342 -0.188642
 0.385183   0.62516  0.678829  -2.01897
       -0         0         0         1
3	51	53
 0.628382  0.739652 -0.240939  -1.30161
-0.292643 -0.062206 -0.954196   4.40537
-0.720761  0.670108  0.177365   1.93961
        0         0         0         1
4	52	53
 0.367358   0.69287  0.620467  -1.48555
 0.800098  0.104724 -0.590657   1.88849
-0.474226  0.713417 -0.515893   1.83664
       -0        -0         0         1
2	52	53
 0.941004  0.209343 -0.265869  0.158294
 0.258927  0.060416  0.964006 -0.383286
 0.217871 -0.975974  0.002648   3.36694
        0         0         0         1
7	52	53
 0.562173 -0.202698  0.801795   -1.0409
 0.544941  0.820058 -0.174767 -0.578693
-0.622094   0.53518  0.571473  0.583374
        0         0         0         1
3	52	53
-0.789155  0.613229 -0.034408   2.11003
-0.505924 -0.617259  0.602521   3.15374
 0.348245   0.49289  0.797361  -1.83388
       -0         0         0         1
1	52	53
 0.977488 -0.060888 -0.202014  0.708714
 0.205371  0.055079  0.977133  0.030351
-0.048369 -0.996624  0.066344    4.5417
        0        -0         0         1
12	13	53
 0.723499 -0.214026  0.656309  0.445064
 0.333755  0.940674 -0.061165   -0.2762
-0.604282  0.263299  0.752009   1.23258
        0         0         0         1
8	9	53
 0.969385  0.104466 -0.222216 -0.417259
-0.145184  0.973698 -0.175598 -0.011891
 0.198027  0.202485  0.959054 -0.481668
       -0         0         0         1
13	14	53
 0.918261 -0.079659  0.387881  0.069303
 0.181663  0.955136 -0.233908 -0.352048
-0.351847  0.285252  0.891535  0.156561
        0         0         0         1
12	14	53
 0.366258  0.029749  0.930038  0.358461
 0.211912  0.970558 -0.114498 -0.310381
-0.906062  0.239022   0.34917   2.25948
       -0         0         0         1
11	13	53
 0.213113 -0.363766  0.906784  0.170415
 0.419917  0.872115  0.251169  -1.53152
-0.882186  0.327247  0.338611   3.92275
        0         0         0         1
15	16	53
 0.796292  0.183503 -0.576408  0.794536
-0.147652  0.983018  0.108973  0.830217
 0.586616 -0.001666  0.809863 -0.732142
        0         0         0         1
13	16	53
-0.939771  0.304831 -0.154622   3.26245
-0.146073 -0.767157 -0.624606   4.42798
-0.309018 -0.564401  0.765479   2.35579
        0         0         0         1
8	11	53
 0.382723 -0.425447  0.820072 -0.528357
 0.709314  0.704062  0.034229  -1.37053
-0.591943  0.568588  0.571236  0.730033
       -0        -0         0         1
15	20	53
 0.476081  0.672971 -0.566089   1.46943
 0.784998 -0.035059  0.618505 -0.675322
 0.396389 -0.738837 -0.544973   2.96957
        0         0         0         1
11	20	53
 0.994378   0.03227 -0.100848  -0.24642
-0.026804  0.998121  0.055099 -0.340029
 0.102437 -0.052087  0.993375  0.622128
        0         0         0         1
12	21	53
 0.978309  0.119116 -0.169476  0.704069
-0.084516  0.976464  0.198432  0.203481
 0.189124 -0.179805  0.965351 -0.804991
        0         0         0         1
13	21	53
 0.623593  0.437679 -0.647741   2.16583
-0.285728  0.898859  0.332283  0.175686
 0.727661 -0.022132  0.685579  -1.33005
        0         0         0         1
15	22	53
-0.184405 -0.938157 -0.293011   3.62033
-0.939489   0.08068  0.332944   2.31659
-0.288714  0.336677 -0.896266   3.72073
        0         0         0         1
12	22	53
 0.954395 -0.215376  0.206746 -0.027615
 0.155711  0.949958  0.270803 -0.294195
-0.254724  -0.22626  0.940171 -0.036738
       -0        -0        -0         1
13	22	53
  0.87527  0.278645 -0.395298   1.03079
-0.153215  0.935004  0.319833 -0.102882
 0.458725 -0.219375  0.861073 -0.814084
        0         0         0         1
12	24	53
 0.939993 -0.127555  0.316454 -0.214682
 0.121065  0.991831  0.040175 -0.338237
-0.318994  0.000547  0.947757   0.52037
        0         0         0         1
13	24	53
 0.906238  0.383404  -0.17814  -0.07394
-0.416088  0.883481 -0.215249   1.45112
 0.074856  0.269189  0.960174  -1.03034
        0         0         0         1
15	25	53
 0.640856  0.383693 -0.664893  0.201011
-0.238877  0.922801  0.302284  0.851367
 0.729548 -0.034893  0.683038  -1.23744
        0         0         0         1
11	25	53
-0.04589 -0.53606 0.842932  1.01033
0.390999 0.766858 0.508967 -1.44898
-0.919246 0.352942 0.174408  4.19222
       0        0        0        1
15	26	53
 0.077388 -0.722536  0.686988   1.21943
 0.914163  -0.22357 -0.338117   1.18814
 0.397892  0.654185  0.643214  -2.66954
       -0         0         0         1
8	26	53
-0.674451  0.356552 -0.646519   3.53829
-0.558794  0.325817  0.762622  0.732566
 0.482562  0.875622 -0.020509 -0.700483
       -0         0        -0         1
8	27	53
 0.978315  -0.08829  0.187361 -0.716551
 0.153334  0.916859  -0.36859  0.219488
-0.139241  0.389326  0.910515 -0.378974
        0         0         0         1
15	28	53
 0.741482  0.530774 -0.410468    0.4931
-0.493926  0.845834    0.2015    1.6093
 0.454138  0.053332  0.889333  -2.08943
       -0         0         0         1
9	26	53
-0.957624  0.132085 -0.255947   4.08351
-0.180756  0.416241  0.891106 -0.976407
 0.224238  0.899609 -0.374728   1.65718
        0         0         0         1
12	29	53
  0.87373  0.149715 -0.462797   1.54962
-0.116355  0.988161  0.100001  0.242763
 0.472289 -0.033525  0.880806   -1.0045
        0         0         0         1
11	29	53
 0.038062 -0.446511  0.893968  0.858333
-0.401479 -0.826069 -0.395504   4.97444
 0.915077 -0.343856 -0.210707   2.39018
        0         0         0         1
13	30	53
 0.795657 -0.242037   0.55529   1.02788
 0.232685  0.968495  0.088736 -0.609519
-0.559274  0.058604  0.826909   1.13579
        0         0         0         1
8	31	53
 0.985384  0.065454 -0.157274 -0.438643
-0.117705  0.929011 -0.350833  0.507162
 0.123146  0.364216  0.923137  0.072234
        0         0         0         1
11	31	53
-0.614825 -0.378054  0.692146   1.94977
 0.285899  0.711082  0.642358 -0.639088
-0.735018  0.592822 -0.329106   3.29273
        0         0         0         1
12	32	53
0.283313 0.640409 -0.71387  2.54183
-0.31729 0.765041 0.560393  0.54964
 0.90502 0.067737 0.419941 -1.46909
      -0        0        0        1
8	32	53
 0.979133  0.159285 -0.126199   0.59031
-0.176886  0.973732 -0.143376  0.643612
 0.100047  0.162707  0.981589 -0.624715
        0         0         0         1
11	32	53
 0.815693  0.404831 -0.413229   1.55921
-0.300142  0.906828  0.295934  0.980972
  0.49453 -0.117364    0.8612  -1.35027
        0         0         0         1
15	33	53
 0.086441  0.702191 -0.706722   2.16382
-0.306918  0.693645  0.651658  0.551177
 0.947802  0.160576  0.275475  -1.99009
       -0         0         0         1
8	33	53
 0.998704 -0.041481  0.029478   0.31179
 0.042988  0.997697 -0.052464 -0.735473
-0.027234  0.053663  0.998188  0.093021
        0         0         0         1
11	33	53
    0.973  0.066549    -0.221  0.762108
-0.016258  0.974912  0.221994  0.013261
  0.23023 -0.212407  0.949672 -0.244495
        0         0         0         1
15	34	53
 0.656249  0.250168 -0.711866  0.504613
-0.081489  0.961418  0.262744   0.40514
 0.750131 -0.114416  0.651316  -2.15499
        0         0         0         1
12	34	53
 0.937295  0.237923 -0.254695   1.06566
-0.138656  0.924983   0.35381 -0.200942
