4	5	53
  0.925787 -0.0855554  -0.368238    0.29081
-0.0443533   0.942748  -0.330544  0.0904115
  0.375435   0.322346   0.868988   -1.20143
         0          0          0          1
2	3	53
-0.548765  -0.82008  0.162253   2.99452
-0.270043  0.357578  0.893988  0.919098
 -0.79116  0.446774 -0.417683   2.76089
        0         0         0         1
3	4	53
  0.929659 -0.0421271  -0.366006   0.199209
 -0.119265   0.905536  -0.407163   0.423549
  0.348584   0.422174   0.836815   -1.23194
         0          0          0          1
5	6	53
  0.688425  0.0487834  -0.723665   0.494617
  0.165854   0.960712    0.22254 0.00595403
   0.70609  -0.273225   0.653288  -0.908538
         0          0          0          1
1	2	53
   0.974455   -0.058269    0.216895   -0.097596
  0.0600526    0.998194 -0.00163692  -0.0738432
  -0.216408   0.0146203    0.976194     1.08657
          0           0           0           1
0	1	53
  0.996485 -0.0453291 -0.0704462 -0.0747542
 0.0484596   0.997883  0.0433835  -0.704623
 0.0683305 -0.0466448   0.996572   0.325053
         0          0          0          1
2	4	53
  -0.2456 -0.874645 -0.417943   4.14853
 0.915272 -0.351252  0.197228   1.01938
-0.319308 -0.334093  0.886806   1.24065
        0         0         0         1
1	3	53
 0.442029 -0.430784  0.786788  0.798405
 0.242383  0.901865  0.357617 -0.112496
-0.863632 0.0326273  0.503065   2.24212
        0         0         0         1
6	7	53
 0.856521  0.341816 -0.386695 -0.275865
-0.0277134  0.778627  0.626875  0.544447
 0.515367 -0.526215  0.676383 -0.177734
        0         0         0         1
0	2	53
  0.924244   0.311649   0.220563   -1.29532
 -0.323279   0.946136   0.017801  -0.300118
 -0.203135 -0.0877559    0.97521    1.55051
         0          0          0          1
1	4	53
  -0.571571   -0.455824    0.682299     2.76242
  0.0425741    0.813917    0.579419 -0.00925398
  -0.819447    0.360228   -0.445805      4.0089
          0           0           0           1
0	3	53
-0.817009 -0.410252  0.405203   2.48002
0.0147464   0.68762  0.725921 -0.792281
-0.576436  0.599059 -0.555742   3.41263
        0         0         0         1
0	4	53
 0.530199  0.358527 -0.768341  0.108409
-0.311325   0.92522  0.216899   0.14489
 0.788648  0.124204  0.602169 -0.270944
        0         0         0         1
7	8	53
  0.997373  0.0508755 -0.0515643  -0.482383
-0.0444975   0.992008   0.118071  -0.138054
 0.0571591  -0.115466   0.991665  -0.232005
         0          0          0          1
1	7	53
-0.339359 -0.529468  0.777495   2.51451
 0.881463 -0.467573 0.0663243   1.64006
 0.328419  0.707841  0.625382 -0.940538
        0         0         0         1
0	7	53
 -0.979127 -0.0820644   0.185947    3.04468
  0.173274   -0.81523   0.552608     2.1914
  0.106241   0.573293   0.812433  -0.237499
         0          0          0          1
6	11	53
 0.944717  0.110688 -0.308639  0.999291
-0.00783336  0.948648  0.316238  0.161312
 0.327793 -0.296338  0.897071  -1.57042
        0         0         0         1
6	12	53
 0.921273 -0.120175  0.369882  -1.65516
0.0140553  0.960729  0.277132 0.0723944
-0.388661 -0.250116  0.886783    1.8284
        0         0         0         1
2	12	53
 0.894822  0.391105 -0.215247  -1.19297
 -0.39452  0.918439 0.0287136   1.23531
 0.208921 0.0592256  0.976137  -1.12321
        0         0         0         1
4	15	53
0.0434916  0.576221  0.816136   -1.0554
  0.84731 -0.454087  0.275448   1.03384
 0.529316   0.67954 -0.507986  -0.41772
        0         0         0         1
1	15	53
 -0.715961   0.696139 -0.0528214    1.16365
  0.458798   0.526188   0.715983  -0.664776
  0.526218   0.488381  -0.696117     1.1576
         0          0          0          1
5	15	53
 -0.857162   0.254135  -0.447983    2.78484
 -0.214571  -0.966916  -0.137961    4.27512
 -0.468222 -0.0221309   0.883334   0.986546
         0          0          0          1
0	15	53
   0.97336 -0.0571691   0.222042    1.08336
 0.0184944   0.984837   0.172493  -0.643254
 -0.228536  -0.163791   0.959658    1.90537
         0          0          0          1
7	16	53
    0.7458  -0.330602   0.578346     1.6572
  0.462744   0.881626 -0.0927604  -0.551848
 -0.479219   0.336807     0.8105   0.424403
         0          0          0          1
6	16	53
  0.987132 -0.0391423   0.155046   0.464655
-0.0267686    0.91545    0.40154   0.396026
 -0.157654  -0.400523   0.902622    1.06034
         0          0          0          1
7	17	53
 0.974698 0.0773372 -0.209724  0.254954
-0.128231   0.96196 -0.241228  0.413257
  0.18309  0.262017  0.947537 -0.817704
        0         0         0         1
6	17	53
 0.806026  0.248175 -0.537338   0.33929
-0.00589625   0.91117  0.411988  0.349055
 0.591851 -0.328904   0.73589 -0.601315
        0         0         0         1
6	20	53
  0.991585  0.0196424  -0.127962  -0.422075
 0.0259786   0.938128   0.345314 -0.0198069
  0.126827  -0.345732   0.929723  -0.439765
         0          0          0          1
7	20	53
 0.953793  -0.16168  0.253255 -0.454715
 0.216126  0.954717 -0.204461  -0.48537
 -0.20873  0.249749  0.945546 -0.360255
        0         0         0         1
6	24	53
-0.656772  0.295099  -0.69395   3.77858
-0.0796409  0.887959  0.452974 0.0504129
 0.749872  0.352768 -0.559685 -0.699891
        0         0         0         1
6	25	53
-0.407853  0.548869 -0.729657   2.37967
-0.127408  0.757114  0.640739  0.598268
 0.904115  0.354291  -0.23886   -1.5107
        0         0         0         1
7	25	53
-0.914099 -0.243755  0.324047   3.99948
 0.254064  0.278543   0.92621  -0.49741
-0.316029  0.928976 -0.192687  0.365818
        0         0         0         1
7	27	53
 0.982541 0.0555925 -0.177547 -0.301511
-0.101397  0.960136 -0.260498   1.07223
 0.155987  0.273952   0.94901  -1.93791
        0         0         0         1
0	27	53
-0.808473 -0.184957  0.558714   2.83428
 0.560755   -0.5303  0.635875  -0.27856
 0.178676  0.827389  0.532449  -1.16891
        0         0         0         1
0	28	53
    0.9407  -0.215688  -0.261846    1.53441
  0.199631   0.976021 -0.0867832  -0.159246
  0.274285  0.0293644     0.9612  -0.730338
         0          0          0          1
6	29	53
   0.998881 -0.00570057   0.0469549   0.0247548
 -0.0120838    0.929013    0.369849    0.108788
 -0.0457303   -0.370003    0.927904   0.0898941
          0           0           0           1
6	30	53
    0.82172 -0.00276908   -0.569885     1.13514
  0.0428932    0.997453    0.057001    0.208349
   0.568275  -0.0712832    0.819745    -1.17097
          0           0           0           1
0	29	53
-0.792407 -0.391518  0.467766   3.07269
 0.608676 -0.457135  0.648491  0.745254
-0.0400639  0.798587  0.600545   -0.4672
        0         0         0         1
6	31	53
 0.675736  0.321577 -0.663302  0.873264
-0.0494198  0.917566  0.394501  0.759238
 0.735486 -0.233798  0.635924 -0.801556
        0         0         0         1
7	30	53
-0.636575 -0.345627  0.689431   2.37364
 0.461208  0.545873  0.699507  -1.06474
 -0.61811  0.763259 -0.188083  0.774544
        0         0         0         1
7	31	53
 0.725861  0.324272 -0.606608  0.819893
-0.485045  0.866608 -0.117142   1.33395
 0.487705  0.379261  0.786324  -1.17001
        0         0         0         1
7	32	53
  0.997838  0.0655451 0.00490642   0.146304
-0.0653285   0.997221 -0.0358296   0.163365
-0.00724113  0.0354317   0.999346  -0.621794
         0          0          0          1
7	33	53
   0.94593   0.238862  -0.219455 -0.0184473
 -0.237127   0.970862  0.0346121  -0.144513
  0.221328  0.0192985   0.975008  -0.780516
         0          0          0          1
0	34	53
-0.865989 -0.373762  0.332212   4.04352
 0.498073 -0.703904  0.506403   1.36329
0.0445706  0.604005  0.795734 -0.872569
        0         0         0         1
0	35	53
 0.962413 -0.264345 0.0623217  0.437028
 0.226444  0.907707  0.353258  -1.35642
-0.149952 -0.325868  0.933448  0.637871
        0         0         0         1
1	38	53
 0.697353 -0.633928  0.334416   1.28338
 0.458824  0.753299  0.471192 -0.884764
-0.550617 -0.175149  0.816177   1.63544
        0         0         0         1
1	39	53
 -0.794682   0.599954 -0.0923884    2.78986
 -0.426003  -0.659625  -0.619206    5.93746
 -0.432437  -0.452714   0.779775    2.67065
         0          0          0          1
0	39	53
 0.924247 0.0383337  0.379865  -1.87142
0.0301495 -0.999168 0.0274739   3.45712
 0.380602  -0.01394 -0.924634    3.4284
        0         0         0         1
3	41	53
-0.714899  0.496386  0.492463  0.935104
-0.696707 -0.565431 -0.441461   4.95732
0.0593192 -0.658703  0.750061   1.96785
        0         0         0         1
1	41	53
   0.131739    0.991284 0.000639476    -1.71349
  -0.908157     0.12095   -0.400777       3.162
  -0.397361   0.0522172    0.916176     1.08808
          0           0           0           1
0	41	53
  0.707409   0.706649 -0.0148319   -1.77907
 -0.660664   0.653625  -0.369184   0.608116
 -0.251189   0.270963   0.929238   0.562992
         0          0          0          1
7	42	53
  0.89757 -0.173839  0.405151   0.55633
 0.291345  0.923602 -0.249155 -0.217091
-0.330886  0.341673  0.879645 -0.494344
        0         0         0         1
7	43	53
  0.994951  0.0676944 -0.0740916  -0.265704
-0.0729551   0.994822 -0.0707614   0.357157
 0.0689177  0.0758094   0.994738  -0.645866
         0          0          0          1
1	43	53
 -0.985438 -0.0626611  -0.158072    3.57287
  0.162938  -0.613817  -0.772451    4.40365
-0.0486249  -0.786958   0.615088    1.25333
         0          0          0          1
2	44	53
 -0.930533 -0.0480137  -0.363047    3.72169
  0.274977  -0.746351  -0.606092    3.93726
  -0.24186  -0.663819   0.707707    1.36558
         0          0          0          1
7	44	53
-0.826845   0.56146 0.0330226   1.91674
-0.490193  -0.74819  0.447128   3.16786
 0.275751  0.353518  0.893861  -1.10309
        0         0         0         1
1	44	53
-0.964206  0.144318 -0.222439   3.83591
-0.0284586  0.777734  0.627949 -0.176308
 0.263623  0.611803 -0.745789   2.32044
        0         0         0         1
1	45	53
  0.919052   0.167512  -0.356767   0.987031
 -0.176485   0.984275 0.00750783   0.418528
  0.352414  0.0560639   0.934163  -0.779024
         0          0          0          1
2	45	53
 0.808545  0.253523 -0.531019   1.21237
-0.252956   0.96454 0.0753399  0.411128
  0.53129 0.0734092  0.844004  -1.57478
        0         0         0         1
0	44	53
   0.96757 -0.0215607   0.251682   0.447711
-0.0148627   0.989765   0.141928 0.00109172
 -0.252167  -0.141066   0.957346    1.17657
         0          0          0          1
4	46	53
 -0.305366  -0.316224   0.898195    2.49982
 0.0167284  -0.944885  -0.326974    4.46657
  0.952088 -0.0848216   0.293825   -2.08472
         0          0          0          1
7	46	53
     0.940614      0.339477 -3.97516e-005      -1.38844
    -0.131465      0.364366       0.92193      0.237806
     0.312989     -0.867175      0.387358       1.95556
            0             0             0             1
3	46	53
  0.768059   0.243757   0.592172   -1.36841
 -0.215113   0.969195  -0.119946   0.366682
 -0.603168 -0.0352583   0.796835    1.55566
         0          0          0          1
1	46	53
-0.989773  0.136292 0.0421183   3.52026
 0.134829  0.797359  0.588251  -0.75768
0.0465908  0.587914 -0.807581   2.25177
        0         0         0         1
0	45	53
  0.907924   0.126222  -0.399678   0.608616
-0.0948623   0.990716  0.0973844  -0.496852
  0.408259 -0.0505033   0.911468  -0.242691
         0          0          0          1
2	46	53
 0.677444  0.677359  0.286803  -3.01011
 0.702888 -0.711046 0.0190597    2.1963
  0.21684  0.188678   -0.9578   2.08848
        0         0         0         1
0	46	53
 0.151111 -0.935712 -0.318761   3.08714
 0.924631  0.247839 -0.289196  -1.07317
 0.349606 -0.251036  0.902639  0.595779
        0         0         0         1
5	47	53
 0.893745 -0.124263  0.431019  0.165347
-0.177636  0.784271  0.594445 -0.287344
-0.411904 -0.607847  0.678865   1.98394
        0         0         0         1
7	47	53
 -0.0996174    0.955573    0.277412   -0.239539
  -0.994828   -0.101213 -0.00859806     4.02186
  0.0198618   -0.276833    0.960713     0.39376
          0           0           0           1
1	47	53
  0.18314  0.891973  0.413331  -1.60436
 0.448612 -0.449941  0.772205    1.4375
 0.874761 0.0440038 -0.482553   1.76471
        0         0         0         1
4	47	53
 -0.984619 -0.0953558     0.1464    3.66055
 0.0118726  -0.872511  -0.488449    4.44463
  0.174312  -0.479199   0.860223   0.524889
         0          0          0          1
2	47	53
 0.278709  0.607509  0.743811  -1.82168
 0.336549  -0.78717  0.516816   2.76361
 0.899476  0.106287 -0.423847   0.65906
        0         0         0         1
3	47	53
-0.157321  0.327357 -0.931713   2.87092
-0.530163  0.767982  0.359349  0.233608
 0.833173  0.550493 0.0527326 -0.894748
        0         0         0         1
0	47	53
-0.0479727  0.946418   0.31936  -1.48186
 0.507279 -0.252341   0.82401  0.315937
 0.860446  0.201535 -0.467992   1.70744
        0         0         0         1
7	48	53
 0.910123  0.397851  0.115719  -1.25589
 0.243807 -0.288412 -0.925946   3.48093
-0.335014  0.870938  -0.35949  0.915252
        0         0         0         1
2	48	53
0.0156402   0.96907  0.246293   -1.2404
-0.956896  0.085951 -0.277421   4.05275
-0.290009 -0.231338  0.928643    1.2068
        0         0         0         1
5	48	53
  0.957377 -0.0233252  -0.287899    -1.3296
  0.199467   0.774288   0.600575  -0.166481
  0.208908  -0.632403   0.745938   0.692937
         0          0          0          1
6	48	53
  0.846025  -0.334632   0.415047 -0.0240257
  0.193033   0.917933   0.346609  -0.683427
 -0.496972  -0.213122   0.841189    2.16803
         0          0          0          1
4	48	53
 0.431807 -0.638069  0.637504   1.38909
  0.70997  0.676381   0.19609  -2.27515
-0.556315  0.367935  0.745076   1.38727
        0         0         0         1
1	48	53
 0.799906  0.520143  0.299336  -1.53546
-0.551062  0.834144 0.0231281   1.76895
-0.237659 -0.183453  0.953868   1.94905
        0         0         0         1
0	48	53
-0.790615  0.557101  0.254102   1.53562
 0.603409  0.638342  0.477931  -2.09954
 0.104052  0.531186 -0.840841   2.14728
        0         0         0         1
3	48	53
-0.335454 -0.494068 -0.802102   4.46062
-0.884203 -0.128653  0.449037   2.89371
-0.325048  0.859852 -0.393699  0.801214
        0         0         0         1
6	49	53
-0.857748   0.44196  0.262562   2.71267
-0.488578 -0.542023 -0.683741    5.4421
-0.159871  -0.71476  0.680852   2.08404
        0         0         0         1
1	49	53
-0.662797  0.597752  -0.45099   3.46913
0.0854528  0.658731   0.74751 -0.763582
 0.743907  0.456909 -0.487684  0.252663
        0         0         0         1
7	49	53
-0.785645  0.432752 -0.442141   3.99346
-0.554012   -0.8102  0.191434   4.72814
-0.275379  0.395351  0.876279 -0.024286
        0         0         0         1
0	49	53
 -0.802407   0.164365  -0.573697    4.80622
 -0.567049  -0.509623   0.647101    3.90468
 -0.186009   0.844552   0.502128 -0.0594773
         0          0          0          1
2	49	53
-0.717455  0.685426 -0.124294   2.28841
 0.297649  0.462959   0.83491  -1.26271
 0.629812  0.562014 -0.536169  -0.30865
        0         0         0         1
6	50	53
   0.8858  0.238355 -0.398179 -0.123089
-0.0464672  0.899262  0.434937  0.200768
 0.461736 -0.366764  0.807641 -0.607644
        0         0         0         1
2	51	53
  0.849358  0.0110569  -0.527701   0.168835
 -0.526171 -0.0611506  -0.848177    4.70993
-0.0416474   0.998067 -0.0461209  -0.700361
         0          0          0          1
1	51	53
-0.954891  0.224939 -0.193866   4.21195
-0.294446 -0.632541  0.716375   3.31264
0.0385128  0.741144   0.67024 -0.616868
        0         0         0         1
7	51	53
 0.925972  0.159667 -0.342173 -0.685272
 -0.26251  0.923587  -0.27942   1.38103
 0.271412  0.348559   0.89713  -1.44611
        0         0         0         1
7	52	53
 0.894407 -0.128223  0.428481  -1.66173
 0.311196  0.866507 -0.390286  0.539423
-0.321238  0.482416  0.814912 -0.772384
        0         0         0         1
14	15	53
 0.706879  0.240022 -0.665366 0.0251592
-0.100776  0.965245  0.241136  0.042357
 0.700119 -0.103401    0.7065   -1.2878
        0         0         0         1
15	16	53
  0.741284   0.301635  -0.599596  -0.150986
 -0.221586   0.953223   0.205585   0.915997
   0.63356 -0.0195348   0.773447   -1.05801
         0          0          0          1
14	16	53
-0.0598311  -0.437444   0.897253    2.59368
 0.0730734   0.894532    0.44099  0.0917759
  -0.99553  0.0919504 -0.0215555    2.63867
         0          0          0          1
11	12	53
 0.700507 -0.284923    0.6543   0.82238
 0.299614  0.949545 0.0927177 -0.630174
-0.647704  0.131088   0.75053   1.56465
        0         0         0         1
8	9	53
  0.973336   0.112468  -0.199922  -0.521134
 -0.151239   0.969933  -0.190673 -0.0320299
  0.172466   0.215825    0.96108  -0.417943
         0          0          0          1
9	10	53
    0.96545  -0.0411706    0.257316     0.16887
   0.146083    0.903202   -0.403591   -0.409846
  -0.215792    0.427236    0.878011 -0.00655103
          0           0           0           1
12	13	53
  0.66596 -0.222384  0.712069  0.745705
 0.280224  0.959203 0.0374877 -0.410964
-0.691355  0.174573  0.701108   1.58965
        0         0         0         1
11	13	53
 -0.225532   0.311433  -0.923117    2.48134
 -0.424913   0.821213   0.380866   0.635329
   0.87669   0.478142 -0.0528782  -0.532248
         0          0          0          1
10	11	53
  0.970716 -0.0913602   0.222179   -0.24469
 0.0385488   0.972116   0.231312  0.0314896
 -0.237116  -0.215974    0.94717    1.61416
         0          0          0          1
9	11	53
 0.878317 -0.163677  0.449188  0.318977
 0.263887   0.94945 -0.170025 -0.965708
-0.398653  0.267871   0.87711   1.41782
        0         0         0         1
14	17	53
 0.724797 -0.255391   0.63988  0.826109
0.0468242   0.94487  0.324082 0.0331728
 -0.68737 -0.204932  0.696797   2.50119
        0         0         0         1
12	14	53
 0.328481 -0.141566  0.933841   1.07333
 0.357014  0.933962  0.016004 -0.791367
-0.874437  0.328137   0.35733   1.81922
        0         0         0         1
9	12	53
 0.314165 -0.355287  0.880381   1.86475
 0.551446  0.823148  0.135406  -1.57331
-0.772792  0.442943  0.454526   2.30878
        0         0         0         1
12	15	53
   0.90626  -0.168074   0.387871 -0.0844698
  0.178734   0.983859  0.0087189  -0.781117
 -0.383075  0.0614239   0.921673    1.33364
         0          0          0          1
10	12	53
  0.484921  -0.322273   0.813014   0.963896
  0.102342   0.944153   0.313213  -0.131316
 -0.868549 -0.0686781   0.490822    3.19064
         0          0          0          1
11	15	53
 0.321728 -0.331896  0.886756   1.79362
 0.373859   0.90498  0.203076  -1.25175
-0.869897  0.266186   0.41524   2.64181
        0         0         0         1
13	14	53
  0.917313 -0.0785695   0.390337 -0.0249164
  0.148519   0.977103   -0.15235   -0.40731
  -0.36943   0.197726   0.907979   0.322048
         0          0          0          1
9	15	53
-0.153806 -0.334463  0.929773   3.28052
  0.59389  0.720748  0.357515  -2.10469
-0.789707  0.607171 0.0877788      2.64
        0         0         0         1
12	16	53
  0.946281   0.120668  -0.299987  -0.751827
-0.0908199   0.989597   0.111576  0.0928568
   0.31033 -0.0783381   0.947396   0.425765
         0          0          0          1
9	16	53
 0.503335 -0.387646  0.772259   2.09277
 0.473492  0.871334   0.12877   -1.9594
-0.722813  0.300844  0.622121   3.46252
        0         0         0         1
13	15	53
   0.929253    0.105842    -0.35396   -0.517046
 -0.0976883    0.994377   0.0408802   -0.154688
   0.356297 -0.00341031    0.934367   -0.829937
          0           0           0           1
14	18	53
   0.67982  0.0072754   0.733343   0.114226
 0.0800761   0.993236 -0.0840857  -0.393943
 -0.728995   0.115886   0.674639    1.96455
         0          0          0          1
13	16	53
-0.637045 -0.337153  0.693183   3.46765
 0.244506  0.764449  0.596519  -0.35725
 -0.73102  0.549496 -0.404553   1.48325
        0         0         0         1
10	15	53
0.0857702 -0.329548  0.940235   2.15887
 0.197645  0.930585  0.308137 -0.527344
-0.976514  0.159404   0.14495   3.87197
        0         0         0         1
11	16	53
  0.882569  -0.221718   0.414625   0.452733
  0.190875   0.974855      0.115  -0.678296
 -0.429697 -0.0223543   0.902697    2.56713
         0          0          0          1
9	17	53
   0.97335  -0.106202    0.20325   0.592565
  0.121845    0.99035 -0.0660306   -1.57683
 -0.194276  0.0890361   0.976898    2.72908
         0          0          0          1
13	17	53
0.242188 -0.47882 0.843847  2.08865
 0.37656  0.84795 0.373074 -0.80888
-0.894175 0.227405 0.385667  2.18677
       0        0        0        1
10	16	53
  0.736423  -0.303135   0.604806    0.80428
  0.136417   0.942168    0.30612 -0.0433214
 -0.662625  -0.142928   0.735187    4.02156
         0          0          0          1
11	17	53
  0.944791   0.134887  -0.298625  -0.318275
  -0.11667   0.990095   0.078099  -0.133108
  0.306201 -0.0389466    0.95117    1.07969
         0          0          0          1
10	17	53
  0.997461   0.031836 -0.0636997  -0.330955
-0.0153209   0.969496   0.244629   0.178861
 0.0695445  -0.243032   0.967522    2.69084
         0          0          0          1
8	15	53
 0.622804 -0.779144 0.0710633   1.81326
 0.347703  0.357009  0.866976 -0.674612
-0.700869 -0.515247  0.493257   3.96572
        0         0         0         1
10	19	53
  0.987426 -0.0364444   0.153823  -0.585032
 0.0405072   0.998906 -0.0233596  -0.262434
 -0.152804  0.0292968   0.987822    2.22018
         0          0          0          1
11	19	53
   0.994256 -0.00203882   -0.107018   -0.496979
 -0.0267276    0.963418   -0.266669   -0.325783
   0.103647    0.267997    0.957829    0.367504
          0           0           0           1
13	21	53
 0.472834  0.441828 -0.762375   2.42739
-0.248742  0.896943  0.365543 0.0656567
 0.845314 0.0167938  0.534007  -1.32389
        0         0         0         1
11	20	53
  0.979202   -0.12436   0.160308  -0.889844
  0.117666   0.991762  0.0506344  -0.731315
 -0.165284 -0.0307186   0.985768    1.41219
         0          0          0          1
10	20	53
 0.904095  -0.21398    0.3699 -0.695669
0.0930544   0.94341  0.318306 -0.380439
-0.417078 -0.253358  0.872844   3.41973
        0         0         0         1
15	24	53
  0.995368 -0.0420122  0.0864808  -0.176519
 0.0306927   0.991262   0.128291   0.154568
-0.0911147  -0.125042   0.987959  -0.532626
         0          0          0          1
11	21	53
  0.883045  -0.256042   0.393286   -1.12355
  0.208336   0.964823   0.160355   -1.07645
 -0.420509 -0.0596648   0.905325    2.23626
         0          0          0          1
14	23	53
  0.730095   0.241691  -0.639176    2.33413
 -0.141977   0.968603   0.204084  -0.585003
  0.668434 -0.0582524   0.741487  -0.485497
         0          0          0          1
12	24	53
  0.877662  -0.185219   0.442045   0.666851
  0.152734    0.98231   0.108346  -0.429235
 -0.454294 -0.0275751   0.890425   0.755648
         0          0          0          1
14	24	53
 0.737423  0.283808 -0.612911   1.05309
-0.108203  0.945356  0.307561 0.0268688
 0.666708 -0.160484  0.727837 -0.795265
        0         0         0         1
11	22	53
 0.586446 -0.479647  0.652702 -0.840424
  0.37928  0.874627  0.301953  -1.55889
-0.715701 0.0704773  0.694842   2.94184
        0         0         0         1
13	24	53
  0.936549   0.112436  -0.332016   0.678407
-0.0794651   0.990604   0.111309  -0.157096
  0.341411 -0.0778623   0.936684  -0.842958
         0          0          0          1
9	26	53
  0.998869 -0.0123157 -0.0459297   -1.70567
0.00731567   0.994181  -0.107479 -0.0825896
  0.046986   0.107021   0.993146   0.257055
         0          0          0          1
13	25	53
 0.858125   0.31201 -0.407763  0.716525
-0.176645  0.925104  0.336124  0.214075
 0.482097 -0.216407   0.84897 -0.315189
        0         0         0         1
9	27	53
  0.652297   0.302435  -0.695012    1.34259
 -0.461697   0.885744 -0.0478887   0.582481
  0.601119   0.352122   0.717402  -0.479028
         0          0          0          1
10	24	53
  0.964347  0.0968745  -0.246275  -0.158022
-0.0312374   0.965755    0.25757 -0.0533829
  0.262793  -0.240694   0.934348    1.31859
         0          0          0          1
11	24	53
 0.282899 -0.357916  0.889867   1.18853
 0.343621  0.904005  0.254362 -0.942733
-0.895485  0.233819  0.378729    2.2322
        0         0         0         1
8	20	53
  0.997028    0.04496  -0.062563 -0.0068897
-0.0657579   0.919738  -0.386986   0.916032
 0.0401427    0.38995   0.919961   -1.14997
         0          0          0          1
10	25	53
 0.932227  0.218517 -0.288452 -0.799223
-0.0656865  0.886039  0.458934  0.296886
 0.355864 -0.408883  0.840343   2.02779
        0         0         0         1
9	28	53
  0.542672  -0.234354   0.806589   0.576683
  0.434006   0.900398 -0.0303889   -1.63406
 -0.719129   0.366555   0.590332    2.62856
         0          0          0          1
11	25	53
0.0114856 -0.589817  0.807455  0.988899
 0.394899  0.744544  0.538246  -1.47492
-0.918653  0.312682   0.24147   4.23241
        0         0         0         1
12	28	53
  0.983895  0.0735669  -0.162906  -0.615259
-0.0803048    0.99615 -0.0351608   0.533938
  0.159692  0.0476766   0.986015   -0.98539
         0          0          0          1
15	28	53
 0.797207  0.209188 -0.566306  0.784908
-0.219137  0.974338 0.0514259    1.1829
 0.562531 0.0831012  0.822589   -2.3687
        0         0         0         1
9	29	53
 0.732942 -0.255004   0.63069  0.808074
 0.419034  0.899567 -0.123252  -1.75679
-0.535917  0.354617  0.766185   2.51427
        0         0         0         1
15	29	53
 0.560858  0.293123 -0.774285  0.718259
-0.297412  0.944132  0.141991    1.0875
 0.772648  0.150645  0.616702  -2.26526
        0         0         0         1
11	26	53
0.138061 0.469298 -0.87218  2.90806
-0.393325 0.834174 0.386587 0.904788
0.908974 0.289678 0.299753 -1.41283
       0        0        0        1
9	30	53
  0.922013  -0.222698   0.316697     1.0542
  0.251648   0.966361 -0.0530988   -1.94469
 -0.294219   0.128654    0.94704    2.66932
         0          0          0          1
12	30	53
    0.9696  0.0892265  -0.227849     1.1301
-0.0776066   0.995209  0.0594764   0.279742
  0.232065 -0.0399856   0.971878  -0.603381
         0          0          0          1
15	30	53
0.0530772  0.401892 -0.914147   1.17927
-0.377341  0.855636  0.354259   1.13267
 0.924552  0.326142  0.197065  -2.20412
        0         0         0         1
13	30	53
 0.245737 -0.353883   0.90243   1.79218
 0.312043  0.910301  0.271998 -0.788733
-0.917738  0.214757  0.334121   1.90616
        0         0         0         1
8	21	53
 0.961361 -0.187678  0.201398 -0.101885
 0.227708  0.953253 -0.198639  -0.37436
-0.154703  0.236823  0.959157 -0.186075
        0         0         0         1
14	31	53
 0.635175 -0.339739  0.693635   1.16142
0.0531377  0.915157   0.39958  0.342088
-0.770538 -0.216945  0.599337   2.49703
        0         0         0         1
13	31	53
-0.620607 -0.355191  0.699061   3.81339
 0.274577  0.736634  0.618044 -0.319511
-0.734475  0.575508 -0.359633   2.06702
        0         0         0         1
9	31	53
  0.986332 -0.0354729   0.160904   0.809521
  0.055224   0.991238  -0.119991  -0.992843
 -0.155237   0.127237   0.979649    2.62226
         0          0          0          1
10	27	53
 0.858489 -0.256085  0.444316  -1.41431
 0.136081  0.949093  0.284087 -0.278653
-0.494448 -0.183423  0.849634   3.11647
        0         0         0         1
11	27	53
   0.991864  -0.0776699     0.10086    -1.34456
  0.0773281    0.996979  0.00730048   -0.177622
  -0.101123 0.000558168    0.994874    0.543828
          0           0           0           1
9	32	53
    0.999563 -0.000230238    -0.029579     0.623797
 -0.00114423     0.998921   -0.0464379     -1.23457
   0.0295578    0.0464514     0.998483      1.86553
           0            0            0            1
10	28	53
  0.778348   0.236717  -0.581497   0.931012
 -0.128221    0.96661   0.221863   0.509536
    0.6146 -0.0981269   0.782712  -0.308756
         0          0          0          1
11	28	53
 0.809816 -0.218773  0.544369 -0.352464
 0.241406  0.969939 0.0306833 -0.494292
-0.534717  0.106566  0.838285    1.3397
        0         0         0         1
10	29	53
 0.892703  -0.17981  0.413219  -0.15134
0.0707711  0.961509  0.265504 -0.184294
-0.445054 -0.207772  0.871067   3.15286
        0         0         0         1
11	29	53
  0.976846 -0.0973441   0.190517  -0.261312
 0.0987782   0.995108 0.00197798  -0.528171
 -0.189778  0.0168867   0.981682    1.33803
         0          0          0          1
10	30	53
  0.999399  0.0323527 -0.0124299   0.202868
-0.0291583   0.978734   0.203051   0.190423
 0.0187348  -0.202567   0.979089    1.71416
         0          0          0          1
11	30	53
  0.963016  0.0950409  -0.252126 -0.0631413
 -0.102354   0.994619 -0.0160201  -0.258917
  0.249247  0.0412338   0.967562   0.909085
         0          0          0          1
8	24	53
  0.991803 -0.0044931  -0.127696  -0.116579
-0.0503577    0.90475  -0.422957   0.550462
  0.117433   0.425921   0.897107   -1.08431
         0          0          0          1
10	31	53
   0.989813   0.0670616   -0.125592 -0.00401878
 -0.0313957    0.963216    0.266887    0.535915
    0.13887   -0.260226    0.955509     2.62884
          0           0           0           1
11	31	53
  0.916091   0.170825  -0.362763   0.039268
 -0.154799   0.985243  0.0730332   0.252837
  0.369885 -0.0107498   0.929015    1.08666
         0          0          0          1
9	35	53
 0.860589  0.374135  0.345557  -1.11939
-0.382674 0.0272895  0.923481 -0.102648
 0.336076 -0.926973  0.166657   3.38955
        0         0         0         1
10	32	53
  0.961169   0.116945  -0.249956  -0.109751
0.00205822   0.902705   0.430256 -0.0647967
  0.275953  -0.414063   0.867411    2.29849
         0          0          0          1
11	32	53
 0.830861  0.338662 -0.441563   -0.1166
 -0.20875  0.925228  0.316824 -0.153986
 0.515843  -0.17106  0.839431  0.663241
        0         0         0         1
8	26	53
  0.995956 -0.0727708  0.0526859   -1.83215
 0.0862764   0.938264  -0.334989   0.160924
-0.0250559    0.33818   0.940748   -0.33239
         0          0          0          1
11	33	53
 0.954573  0.161083 -0.250685 -0.501509
-0.0899602  0.957823  0.272914 -0.723074
 0.284074 -0.237965  0.928803  0.977965
        0         0         0         1
9	37	53
 0.274082  0.621481  0.733922  -1.17604
-0.960739  0.211163  0.179974   2.52211
-0.0431269 -0.754435  0.654957   2.34489
        0         0         0         1
8	27	53
 0.723054 -0.292286  0.625909 -0.741029
 0.513372  0.833624 -0.203766 -0.329105
-0.462215  0.468658  0.752807  0.110037
        0         0         0         1
10	34	53
 0.791029 -0.411574  0.452638 0.0169462
 0.167556  0.857332  0.486731 -0.863023
-0.588387 -0.309176  0.747136   3.88364
        0         0         0         1
12	38	53
  0.736539   -0.40097   0.544732   0.559767
  0.293435   0.915033   0.276787   -1.05002
 -0.609431 -0.0440215   0.791616    1.27436
         0          0          0          1
13	38	53
   0.999143 0.000450939  -0.0413984    0.451208
  0.0108312    0.962267    0.271892   -0.793935
   0.039959   -0.272107    0.961437    0.182694
          0           0           0           1
9	38	53
 0.458696  0.501684  0.733424  -1.61216
-0.867302 0.0731708  0.492375   1.96723
 0.193352 -0.861951  0.468675   3.29629
        0         0         0         1
14	38	53
 0.871237   0.39349 -0.293447 -0.103908
-0.360786  0.918694  0.160733  0.710126
 0.332835 -0.034165  0.942366 -0.870141
        0         0         0         1
14	39	53
  0.73125  0.294527 -0.615246  0.069975
-0.444899   0.88965 -0.102895   1.25559
 0.517048  0.348964  0.781592  -2.33682
        0         0         0         1
10	35	53
 0.251564 -0.584502   0.77141  0.716025
 0.283642   0.80657  0.518644   -1.1564
-0.925344 0.0883323  0.368694   4.18367
        0         0         0         1
11	35	53
  0.597145  -0.418726   0.684168  -0.270831
  0.266776   0.908054   0.322905   -1.46285
 -0.756471 -0.0103016   0.653947    2.57031
         0          0          0          1
8	30	53
 0.983543  0.067622 -0.167543 -0.175832
-0.132996  0.898639 -0.418043  0.939924
 0.122292  0.433445  0.892844  -1.01993
        0         0         0         1
8	31	53
 0.933529  0.148614 -0.326248  0.569711
-0.260902  0.905763  -0.33395   1.12176
 0.245874  0.396871   0.88433 -0.420532
        0         0         0         1
9	41	53
-0.0220967  -0.996501  0.0806105    5.12778
 -0.508838 -0.0581959  -0.858893     4.0055
  0.860579 -0.0599964  -0.505771    2.67637
         0          0          0          1
14	41	53
-0.185755  0.548904  0.814985 -0.874578
  0.98257  0.109786   0.15001 -0.527248
-0.00713334  0.828645  -0.55973  0.433042
        0         0         0         1
15	43	53
   0.479717    0.264244   -0.836689      2.0544
  -0.866234 -0.00917467   -0.499555     4.71318
  -0.139681    0.964412    0.224496   -0.922475
          0           0           0           1
8	32	53
 0.980315   0.12744 -0.150801 -0.274652
-0.148587   0.97916 -0.138449  0.105944
 0.130015  0.158131  0.978821 -0.247523
        0         0         0         1
9	43	53
  0.938747  -0.203528   0.278082   0.242999
  0.169019   0.975162   0.143149  -0.219513
  -0.30031 -0.0873795   0.949831    1.00076
         0          0          0          1
9	44	53
-0.641853  0.751154   0.15425   1.45055
 0.588933    0.6117 -0.528187  0.835356
-0.491105 -0.248175 -0.835001   6.00892
        0         0         0         1
8	33	53
  0.996681 -0.0502187  0.0640806  -0.263299
 0.0558444   0.994442 -0.0892563  -0.506356
 -0.059242  0.0925383   0.993945 -0.0857716
         0          0          0          1
9	45	53
  0.447748   0.893881 -0.0223456  -0.943249
-0.0480076  0.0489867   0.997645 -0.0508015
   0.89287  -0.445621  0.0648467    1.48135
         0          0          0          1
15	46	53
 -0.904471  -0.207103   0.372881     3.8686
 0.0386252   0.830849   0.555156 -0.0805213
 -0.424783   0.516525   -0.74348    2.67104
         0          0          0          1
12	46	53
 0.117834  0.952342  0.281356  -1.47271
-0.292486 -0.237476  0.926314   2.60896
 0.948982 -0.191444  0.250564  -1.16193
        0         0         0         1
14	45	53
  0.03769 -0.153338  0.987455 -0.148927
 0.365036   0.92198  0.129238 -0.900164
 -0.93023  0.355586 0.0907235   3.21165
        0         0         0         1
9	46	53
-0.987392 -0.150307 0.0496391   4.87625
-0.151009  0.800418 -0.580109   1.07117
0.0474626 -0.580292 -0.813025   5.96803
        0         0         0         1
13	47	53
 -0.885535 -0.0535484   0.461475    3.57485
-0.0390187  -0.981252  -0.188736    4.32131
   0.46293  -0.185139   0.866844   -0.39311
         0          0          0          1
12	47	53
-0.161407  0.970558  0.178789 -0.799014
-0.927691 -0.211015  0.307998   3.96204
 0.336657 -0.116148  0.934437 -0.037775
        0         0         0         1
15	47	53
-0.0760759   0.996888  0.0206585   0.379544
 -0.871497 -0.0765448    0.48439     3.8409
  0.484464  0.0188465   0.874608   -1.02138
         0          0          0          1
10	39	53
-0.826057 0.0972943 -0.555126   5.11358
 0.120676 -0.931607 -0.342851   4.40195
-0.550516 -0.350205  0.757819    4.0365
        0         0         0         1
9	47	53
-0.650437 -0.175832 -0.738928   4.22957
 0.377417  0.769425 -0.515308  0.862035
 0.659157  -0.61406   -0.4341   3.52878
        0         0         0         1
14	47	53
 -0.550131  -0.230696   -0.80258    5.00301
  0.685953   0.423286   -0.59186   -0.39659
  0.476261  -0.876132 -0.0746162    3.10928
         0          0          0          1
11	39	53
-0.438695 -0.827837 -0.349619   4.85393
0.0320406 -0.403217  0.914544   1.24731
-0.898065  0.390003  0.203413       3.7
        0         0         0         1
15	48	53
-0.979233  0.100652 -0.175987   3.21761
0.0900303  -0.56188 -0.822305    4.3364
 -0.18165 -0.821072   0.54115   2.55284
        0         0         0         1
12	48	53
  0.999653 -0.0149227 -0.0217037   0.219412
 0.0217967 0.00609389   0.999744    1.24829
-0.0147866   -0.99987  0.0064171    4.13108
         0          0          0          1
13	48	53
 0.912813 -0.367327 -0.178449  0.918447
-0.154161 0.0946944 -0.983498   3.95255
 0.378163  0.925259 0.0298108  -1.21662
        0         0         0         1
9	48	53
  0.599131  -0.726691  -0.336099    2.53445
 -0.499464 -0.0111373  -0.866264    4.33201
  0.625763   0.686875  -0.369628   0.203084
         0          0          0          1
14	48	53
 0.216289  0.720864 -0.658464  0.219893
-0.916183  0.382915  0.118259    3.0202
 0.337385  0.577695  0.743263   -1.4127
        0         0         0         1
15	49	53
-0.379402 -0.304982 -0.873522   5.16594
 0.773228  -0.62299 -0.118329   1.31304
-0.508107 -0.720326  0.472184   3.04372
        0         0         0         1
13	49	53
  0.911593   0.408636 -0.0448812  -0.771276
 -0.394641   0.839301  -0.373942    1.20596
 -0.115137   0.358594   0.926366  -0.139896
         0          0          0          1
12	49	53
-0.863949  0.149309 -0.480935   4.50597
 0.272927 -0.663776 -0.696357   3.67989
-0.423205 -0.732878  0.532718   3.48119
        0         0         0         1
14	49	53
  0.83035  0.294386 -0.473134 -0.110989
-0.407139   0.90022 -0.154409   1.22206
 0.380469  0.320845  0.867354  -1.07289
        0         0         0         1
9	49	53
 0.607416  0.422766  0.672544 -0.951939
-0.792151  0.258917  0.552683   2.33792
0.0595227 -0.868465  0.492165   3.50643
        0         0         0         1
14	50	53
 0.951336  0.137246  0.275904 -0.285833
-0.0602718  0.960922  -0.27018  0.549154
-0.302203  0.240403  0.922432  0.390171
        0         0         0         1
13	50	53
  0.91737 -0.181921   0.35403  0.610996
  0.12536   0.97623  0.176807 -0.659674
-0.377779 -0.117816  0.918369   1.40454
        0         0         0         1
14	51	53
  0.184507   0.623305     0.7599   -1.72843
 -0.961073 -0.0473661   0.272204    4.03683
   0.20566  -0.780543   0.590303    1.70118
         0          0          0          1
13	51	53
-0.038919 -0.403096   0.91433   2.25809
 0.325839  0.859888  0.392965 -0.889151
-0.944624  0.313218 0.0978783   3.39912
        0         0         0         1
9	52	53
 0.931275  0.084609 -0.354355   1.36969
-0.213503  0.914878 -0.342659   1.23507
   0.2952  0.394766  0.870067   -0.8849
        0         0         0         1
10	41	53
 -0.773826   0.616832  -0.143917   0.768105
 -0.229895 -0.0617976   0.971252    2.04183
  0.590205   0.784665   0.189627  -0.260593
         0          0          0          1
11	41	53
 -0.943102  -0.325991 -0.0654964    3.79916
 0.0410103  -0.309516    0.95001    1.86952
 -0.329967    0.89327   0.305273  -0.132721
         0          0          0          1
16	17	53
  0.700694   0.315425   -0.63995 0.00765842
 -0.318651   0.940888   0.114857   0.707285
  0.638349   0.123441   0.759785   -1.55834
         0          0          0          1
11	42	53
   0.93172  -0.200761   0.302644   0.229259
  0.217647   0.975762 -0.0227699  -0.648541
 -0.290737  0.0870848   0.952832    1.24276
         0          0          0          1
10	42	53
 0.667601 -0.304325  0.679482  0.568305
 0.109797  0.942909  0.314431 -0.248936
-0.736379 -0.135309  0.662901   3.39008
        0         0         0         1
17	18	53
 0.990717 0.0300145 -0.132588 0.0478885
-0.0839759  0.902104 -0.423268  0.119326
 0.106904  0.430473   0.89625  -1.18924
        0         0         0         1
18	19	53
