4	5	53
 0.925847  0.070664 -0.371234 -0.016108
-0.212707  0.909415 -0.357378  0.470112
 0.312352  0.409842   0.85701  -1.25335
       -0         0         0         1
3	4	53
  0.94486  0.098768 -0.312225 -0.207743
-0.205141  0.921695 -0.329235  0.624963
 0.255259  0.375131  0.891134 -0.903791
        0         0         0         1
1	2	53
 0.971055   -0.0026  0.238842  0.167047
 0.001662   0.99999  0.004129  0.015486
-0.238851 -0.003613   0.97105   1.12801
        0         0         0         1
2	3	53
 0.682153  0.548379 -0.483683 -0.695602
-0.402249  0.833829  0.378055  0.910741
 0.610625  -0.06333  0.789383 -0.899117
        0         0         0         1
2	4	53
 0.090012  0.978704 -0.184487  -1.15106
-0.811678  0.179432  0.555863   2.87203
 0.577128   0.09971  0.810544  -1.21118
        0         0         0         1
0	1	53
 0.996649 -0.007528 -0.081452  -0.17176
 0.013109  0.997586  0.068199 -0.733088
 0.080742 -0.069038  0.994341   0.33077
        0         0         0         1
1	3	53
 0.858022  0.382826 -0.342407 -0.742959
-0.256603  0.897014   0.35989    0.5212
 0.444919 -0.220931  0.867892   0.52126
        0         0         0         1
2	5	53
-0.916946  0.075343 -0.391834   2.89963
-0.032106 -0.992759 -0.115757   4.68065
-0.397718 -0.093563  0.912725   1.18487
        0        -0         0         1
7	8	53
 0.991273  0.097514 -0.088706 -0.453744
-0.087874  0.990394  0.106759 -0.030325
 0.098264 -0.098032   0.99032  -0.36351
        0         0         0         1
5	8	53
  -0.222237    0.559481   -0.798493      3.0596
  -0.963958 -0.00321801    0.266035     2.48509
   0.146272    0.828837    0.540032     -1.5811
         -0           0           0           1
3	7	53
-0.642367  0.084259  0.761752  0.893322
 0.302171 -0.885577  0.352768   3.08617
 0.704314  0.456786  0.543405 -0.735596
       -0         0         0         1
1	5	53
 0.987065  0.133934  0.088115  0.430507
 0.061695 -0.824621  0.562311   3.29596
 0.147974 -0.549601 -0.822218   4.07939
        0         0         0         1
3	8	53
   0.44253   0.894389   0.065084 -0.0261052
 -0.450668   0.284555  -0.846124     3.9245
 -0.775285   0.345104   0.528997   0.324044
        -0          0         -0          1
2	8	53
 0.002708  0.626467 -0.779443   2.52305
-0.957459  -0.22329 -0.182793   3.97696
-0.288556   0.74678  0.599212  -0.93968
       -0         0         0         1
5	9	53
-0.489188  0.302508 -0.818037    3.4827
-0.870867 -0.118009  0.477141   2.04978
 0.047803  0.945813  0.321174  -1.63064
       -0         0         0         1
7	9	53
 0.755473 -0.397512  0.520812 -0.939051
-0.457658 -0.889007 -0.014676   4.49547
  0.46884 -0.227267 -0.853545    3.8888
        0         0         0         1
4	10	53
 0.796661 -0.558631  0.230786  0.823476
 0.364141  0.138835 -0.920938   3.25404
 0.482423  0.817714  0.314025  -3.07811
       -0         0         0         1
3	10	53
 0.593974  -0.79449 -0.126415   2.52191
-0.016565  0.145026 -0.989289   4.61228
 0.804314  0.589706   0.07298  -2.13106
       -0         0         0         1
0	7	53
 0.862028 -0.352461  0.364252    0.1062
 0.492731  0.414229 -0.765264   1.39592
 0.118842  0.839158  0.530746  -0.24641
        0         0         0         1
4	11	53
 0.679936  -0.68814  0.253279   1.07693
  0.53241   0.22579 -0.815818    1.7885
 0.504209  0.689552  0.519895  -2.70168
       -0         0         0         1
6	11	53
 0.851127  0.340117 -0.399879  0.907078
-0.163467  0.895573  0.413797  0.212258
  0.49886 -0.286827  0.817844  -1.77285
        0         0         0         1
2	11	53
 0.477292  0.590933 -0.650377  0.240125
-0.431358   0.80237  0.412472   1.03445
 0.765586  0.083676  0.637868  -2.33845
       -0         0         0         1
7	11	53
 0.441003 -0.509728   0.73871 -0.644336
 0.642888  0.753736  0.136298  -1.90669
-0.626268    0.4148  0.660098  0.986203
       -0        -0         0         1
3	11	53
-0.597116  0.735018 -0.321249   2.03551
-0.793236 -0.481502  0.372736   3.78491
 0.119285  0.477393  0.870555  -1.87239
       -0         0         0         1
4	12	53
-0.195865   0.96573 -0.170301  0.316885
-0.973984 -0.211767 -0.080683   4.14472
-0.113983  0.150067  0.982083 -0.707603
       -0         0        -0         1
3	12	53
-0.014187 -0.977728  0.209397   3.29678
 0.778401 -0.142245 -0.611439   1.69429
 0.627607   0.15432  0.763083  -1.54496
       -0         0         0         1
2	12	53
 0.906383  0.388259 -0.166512 -0.854621
-0.378686  0.921413  0.087154   1.19248
 0.187264  -0.01594   0.98218 -0.864468
        0         0         0         1
7	12	53
 0.663634 -0.363065  0.654044  -1.00745
 0.528314  0.846466  -0.06618  -1.51552
-0.529599   0.38946  0.753556  0.842962
        0         0         0         1
4	13	53
-0.906704 -0.369238   0.20384   4.07031
 0.345825 -0.927516  -0.14184   2.95148
 0.241438 -0.058114  0.968675 -0.652938
        0         0         0         1
5	14	53
 0.693887 -0.142215  0.705901  -1.95883
-0.129215    0.9398  0.316353   0.48981
-0.708396 -0.310726  0.633739   1.27845
       -0        -0        -0         1
4	15	53
-0.260094 -0.795461   0.54735   3.87407
 0.965468 -0.223011  0.134678  0.274793
 0.014934  0.563478  0.825996  -1.35162
       -0         0         0         1
5	15	53
-0.856513  0.156134 -0.491942    2.9888
-0.098217 -0.985035 -0.141629   4.59462
-0.506694  -0.07299  0.859031   1.05996
        0         0         0         1
3	15	53
 0.627505 -0.216858  0.747804   0.46696
 0.318517  0.947887  0.007603 -0.848294
-0.710482  0.233417  0.663876   1.20753
        0         0         0         1
4	16	53
 0.543767 -0.749423  0.377734   1.88546
 0.838777  0.500202 -0.215062 -0.439029
-0.027771  0.433778  0.900591 -0.431897
        0         0         0         1
6	17	53
 0.944201  0.152532  -0.29192  0.069765
 -0.02239  0.913978  0.405145  0.391915
 0.328606 -0.376002  0.866395 -0.154919
        0         0         0         1
5	17	53
-0.521284 -0.367538  0.770181   1.21914
 0.168792 -0.929079 -0.329121    3.0328
 0.836524 -0.041565  0.546351  -1.85309
        0         0         0         1
4	18	53
 0.936152  0.046348 -0.348528  0.996286
 -0.05398  0.998467 -0.012212  0.156846
 0.347428  0.030246  0.937219  -2.52742
       -0         0         0         1
6	18	53
 0.805042  0.118441 -0.581274  0.581705
-0.108707  0.992727  0.051723   0.03362
 0.583173  0.021549  0.812062  -1.44786
       -0         0         0         1
1	18	53
 0.045462  -0.96984  0.239464   2.29063
-0.067171 -0.242137 -0.967914   4.74866
 0.996705  0.027918 -0.076153 -0.232599
       -0         0         0         1
5	18	53
-0.031416  0.040774 -0.998674   3.66582
  0.15399  0.987436   0.03547  0.083123
 0.987573 -0.152671   -0.0373  -1.02097
        0         0        -0         1
3	18	53
-0.949576  0.049777  0.309562   2.17943
-0.213364 -0.826038 -0.521667   5.21228
 0.229743 -0.561412  0.795006 -0.585361
        0         0         0         1
4	19	53
 0.999867 -0.016265  -0.00136  0.462951
 0.016315  0.993612   0.11166  0.054878
-0.000465 -0.111668  0.993745   -1.9469
        0        -0         0         1
6	19	53
 0.876322  0.045627 -0.479561  0.789242
  0.02334  0.990314   0.13687 -0.165496
 0.481161 -0.131135  0.866769  -1.20829
        0         0         0         1
5	19	53
-0.650671 -0.016941  0.759171  0.613668
 0.112717  -0.99083  0.074498   3.41245
 0.750947  0.134046  0.646614  -2.50058
       -0         0         0         1
7	19	53
  -0.478723    0.087225    0.873622 -0.00730296
   0.552892    -0.74301    0.377155     1.23719
   0.682007    0.663572    0.307471    -1.95019
         -0           0           0           1
2	19	53
0.255197 0.556464 -0.79071  1.86674
-0.649871 0.704236 0.285865  1.44664
 0.71592 0.440908 0.541349 -2.54661
      -0        0        0        1
3	19	53
-0.766683 -0.641635  0.022417    3.6354
 0.631497 -0.759947 -0.153925   2.98149
 0.115799 -0.103855  0.987828   -1.8856
        0         0         0         1
6	20	53
 0.995965  0.033429 -0.083282 -0.517304
 -0.01431  0.975316  0.220351  0.233466
 0.088592  -0.21827  0.971859 -0.740025
        0         0         0         1
5	20	53
 -0.81325 -0.067904  0.577939   1.33409
-0.578165  0.206854 -0.789263   4.65406
-0.065955 -0.976013 -0.207484   3.22808
        0         0        -0         1
4	21	53
   0.0772 -0.943238  0.323019   2.28259
 0.883613 -0.085339 -0.460375   1.92911
 0.461809  0.320965   0.82687  -2.14459
       -0         0         0         1
3	21	53
 0.956329 -0.194343  0.218325  0.216762
 0.211759  0.975527   -0.0592  0.557355
-0.201477  0.102847  0.974079  -1.09678
        0         0         0         1
5	21	53
  -0.8998  0.121783  0.418961   1.59163
-0.323571  0.457892 -0.828032   3.66497
-0.292679 -0.880627 -0.372606   3.82344
        0         0        -0         1
4	22	53
-0.601529  0.750249 -0.274389   2.02695
-0.496285 -0.620118 -0.607581    4.4357
-0.625991 -0.229302  0.745356  0.205308
        0        -0         0         1
5	22	53
-0.908642  0.417573 -0.001605   2.70817
-0.391181 -0.852546 -0.346616   4.65381
-0.146106 -0.314322  0.938006 -0.779755
        0        -0         0         1
6	22	53
  0.95421 -0.229298  0.192109 -0.977918
   0.0969  0.844514  0.526694 -0.315234
-0.283009 -0.483962  0.828062  0.869439
       -0        -0        -0         1
3	22	53
 0.693613 -0.519772  0.498736  0.215692
 0.459601  0.852443  0.249213 -0.467005
-0.554678  0.056362  0.830154 -0.201581
       -0        -0         0         1
2	22	53
 0.999219  0.009439 -0.038382 -0.302384
 0.003324  0.947558  0.319565  0.342911
 0.039386 -0.319443  0.946787 -0.947198
        0         0         0         1
1	22	53
 0.878484  0.256033  0.403376 -0.912817
-0.405901  0.845293  0.347455  0.768527
-0.252011 -0.468964    0.8465  0.665434
        0        -0         0         1
3	23	53
 0.521669 -0.390517  0.758524 -0.018447
 0.580199  0.814225  0.020166 -0.789913
-0.625484  0.429575  0.651333 -0.591326
       -0        -0         0         1
4	23	53
 0.969149  0.068539 -0.236756  0.217375
-0.018052  0.977718  0.209147 -0.306909
 0.245815  -0.19842  0.948791  -1.54363
        0         0         0         1
5	23	53
-0.375764  0.914106 -0.152355  0.545577
-0.875365 -0.404079 -0.265435   4.77409
-0.304199  0.033625  0.952015  -1.21376
       -0         0        -0         1
2	23	53
  0.67848 -0.692482  0.245223  0.904659
-0.701541 -0.709804 -0.063389   4.36027
 0.217956 -0.129026 -0.967392   4.00529
        0         0         0         1
4	24	53
-0.840789 -0.289229  0.457626   2.83847
 0.105976   -0.9169  -0.38479    4.1065
 0.530889  -0.27503   0.80157  -0.52701
        0         0         0         1
3	25	53
 0.707073  0.694632  0.132414  -2.14721
 0.037195  0.150461 -0.987916   2.72019
-0.706162  0.703454   0.08055   1.83155
       -0         0         0         1
4	26	53
 0.761745  0.643476  0.075386  -2.28081
 0.237616  -0.38573  0.891488 -0.445209
  0.60273 -0.661174 -0.446728   2.07026
        0         0         0         1
5	26	53
 0.197127  0.263479 -0.944309   2.32985
-0.917404  0.389224  -0.08291   4.00639
 0.345703  0.882657  0.318443  -2.48956
       -0         0         0         1
1	26	53
-0.858012   0.30266 -0.414985   3.80809
-0.505137 -0.643548   0.57505   3.94424
-0.093018  0.703024  0.705057 -0.473935
        0         0         0         1
7	26	53
  0.85242  0.253695 -0.457186  -1.23169
-0.350284  0.926255 -0.139117   1.10812
 0.388178  0.278731  0.878423  -1.68481
       -0         0         0         1
2	26	53
-0.885405  0.046198  -0.46252   4.44884
-0.377454 -0.652171  0.657421   3.50143
 -0.27127  0.756663  0.594873 -0.727088
        0         0         0         1
3	26	53
-0.697349  0.432138  0.571805   1.61876
0.00794399 -0.793086  0.609058   2.09869
 0.716688  0.429268  0.549625  -2.72143
       -0         0         0         1
4	27	53
 0.443076 -0.797151  0.410164   0.73806
 0.493758 -0.164881 -0.853825   2.04389
 0.748255  0.580831  0.320545  -3.13899
       -0         0         0         1
3	27	53
 0.904635  0.418025  0.083013  -2.02983
-0.425374  0.873583  0.236453   1.61811
 0.026324 -0.249215   0.96809 -0.683097
        0         0        -0         1
2	27	53
 0.967379 -0.241527  0.076439 -0.286986
 0.131297  0.219955 -0.966634   3.59238
 0.216655  0.945137  0.244492  -1.74093
       -0         0         0         1
5	27	53
 0.395557  0.175933 -0.901433   2.25968
 -0.87091  0.383503 -0.307315   3.43382
 0.291635  0.906627  0.304919  -2.16454
       -0         0         0         1
7	27	53
  0.91633 -0.166077  0.364358    -1.265
 0.263633   0.93511 -0.236785  -0.21049
 -0.30139  0.313031  0.900653 -0.335288
        0         0         0         1
0	25	53
  0.55878  0.557588  -0.61389 -0.100206
 0.782666 -0.109792  0.612682  -1.05607
 0.274224 -0.822825 -0.497755   3.82528
        0         0         0         1
4	28	53
 0.091859 -0.833761  0.544431   1.95545
 0.839052 -0.229621  -0.49322   1.28299
  0.53624  0.502112  0.678476  -2.68584
       -0         0         0         1
3	28	53
 0.948581  -0.19671  0.247992 -0.485394
 0.240859  0.956898 -0.162273  0.230086
-0.205383   0.21366  0.955074 -0.940408
        0         0         0         1
1	28	53
-0.988079 -0.066348  0.138915   3.11164
 0.035466  0.779981  0.624797 -0.899494
-0.149805  0.622276  -0.76833   3.64073
        0         0         0         1
2	29	53
 0.687275  0.249305 -0.682276   2.59655
-0.211583  0.967238  0.140297  0.590412
   0.6949  0.047936  0.717507  -1.50156
       -0         0         0         1
4	29	53
 0.737949 -0.644581  0.199867   1.13592
 0.664237  0.641419 -0.383889 -0.353326
 0.119249  0.416049  0.901489  -1.52009
       -0         0         0         1
5	29	53
 0.633479   0.36559 -0.681945   1.21227
 0.083889  0.843694   0.53023 -0.693464
 0.769199 -0.393097  0.503793 -0.851556
        0         0         0         1
1	29	53
 0.845253  0.231496 -0.481618   1.22991
-0.164632  0.970264  0.177438  0.547297
 0.508373  -0.07069  0.858231 -0.720391
        0         0         0         1
3	29	53
 0.997669 -0.006132 -0.067957 -0.232908
-0.001927  0.993024 -0.117897  0.387222
 0.068206  0.117753  0.990698  -0.87862
       -0         0         0         1
4	30	53
  0.595821    -0.3763   0.709504   0.361415
 -0.118162  -0.914897  -0.386006    4.20693
  0.794377   0.146153  -0.589579 -0.0258171
        -0          0          0          1
3	30	53
  0.83063  0.166432 -0.531371  0.552154
-0.253248  0.962793 -0.094314  0.843947
 0.495903  0.212908  0.841873  -1.48801
       -0         0         0         1
0	28	53
 0.956653 -0.060805 -0.284813   1.27988
 0.108034  0.982277  0.153166 -0.400003
 0.270452 -0.177296  0.946267  -0.38264
        0         0        -0         1
7	31	53
 0.782486  0.309093 -0.540534  0.711303
-0.449118  0.881444 -0.146116   1.17039
 0.431286  0.357098  0.828537 -0.925281
       -0         0         0         1
0	29	53
 0.801457  0.201324 -0.563149   2.01938
-0.079639  0.969177  0.233137 -0.118572
 0.592727 -0.142001  0.792787 -0.220151
        0         0         0         1
4	32	53
 0.120957  0.985781 -0.116638   1.09513
-0.965383  0.089464 -0.245015    4.1214
-0.231096  0.142237  0.962478  -1.56671
        0         0         0         1
2	32	53
-0.864158  0.135545 -0.484623   3.74825
-0.370675 -0.822783  0.430847   2.31151
 -0.34034  0.551957  0.761257  -1.34998
        0         0         0         1
7	32	53
 0.951898  0.211144 -0.222056   0.07325
-0.221481  0.974906 -0.022438  0.467152
 0.211746   0.07054  0.974776  -1.00441
       -0         0         0         1
1	32	53
-0.222358  0.536888 -0.813823    3.4533
 0.932831  0.359891 -0.017449  0.881879
  0.28352  -0.76304  -0.58085   4.84295
        0         0         0         1
4	33	53
  0.55285 -0.770642  0.316967  0.882562
 0.118077 -0.304096 -0.945296   4.74896
 0.824873  0.560033 -0.077124 -0.981085
       -0         0        -0         1
2	33	53
 0.276343  0.480781 -0.832157   2.13655
-0.311879  0.863876  0.395538   1.02797
 0.909047  0.150228  0.388671  -1.84119
       -0         0         0         1
6	33	53
 0.746389  0.443695 -0.496022  0.174507
-0.037607  0.772256  0.634198  -0.19959
 0.664446 -0.454704   0.59309 -0.452937
        0         0         0         1
7	33	53
   0.999537    0.029325   -0.008174 0.000348999
  -0.029127    0.999303    0.023332   -0.360991
   0.008852   -0.023083    0.999694   -0.587401
          0           0           0           1
3	33	53
 0.514582 -0.756398 -0.403816     2.671
-0.002541  0.469608 -0.882871   3.15039
 0.857437  0.455336   0.23973  -1.98167
       -0         0         0         1
4	34	53
  0.10604  -0.94635  0.305251   2.94799
 0.610942   -0.1802 -0.770894   1.51469
 0.784542  0.268236  0.559056   -2.8329
       -0         0         0         1
5	34	53
  0.59703 -0.059362  -0.80002   2.63888
 0.646231  0.626485  0.435776 -0.609427
 0.475332 -0.777169  0.412392  0.205845
        0         0        -0         1
3	34	53
 0.392872 -0.909686 -0.134621   2.91199
 0.600657  0.364699 -0.711481   1.68037
  0.69632   0.19866   0.68969  -2.16808
       -0         0         0         1
2	34	53
 0.735595   0.10476 -0.669272 -0.149405
 0.031344  0.981648  0.188106  0.072836
 0.676696 -0.159348  0.718812  -1.84614
        0         0         0         1
6	34	53
 0.991953 -0.125777   0.01447 -0.124458
 0.091827  0.793426    0.6017 -0.531576
-0.087161  -0.59553  0.798591  0.657151
       -0        -0        -0         1
7	34	53
 0.997308 -0.057122   0.04598  -1.10714
 0.059659  0.996656 -0.055828 -0.879962
-0.042637  0.058421  0.997381 -0.299999
        0         0         0         1
1	34	53
 0.921018  0.160261 -0.355025  0.469028
-0.038004  0.944064  0.327565  0.050056
 0.387662 -0.288201   0.87559 -0.398385
        0         0         0         1
2	35	53
-0.984479  0.164634  0.060804   3.20824
 0.155062   0.65367  0.740723  -1.38829
 0.082202  0.738655 -0.669053    1.9641
       -0         0         0         1
5	35	53
 0.979762 -0.081502 -0.182822 -0.230479
 0.190887  0.655302   0.73085  -1.11584
 0.060238 -0.750957  0.657597  0.260752
        0         0        -0         1
3	35	53
 0.613784  0.442459 -0.653834  0.433262
-0.405717   0.88724  0.219543   1.10552
 0.677246  0.130519  0.724087  -2.79892
       -0         0         0         1
4	35	53
-0.639981 -0.373484  0.671516   2.73747
-0.129665   -0.8089  -0.57347   4.90661
 0.757371 -0.454083  0.469252  -1.65662
        0         0         0         1
1	35	53
-0.929041   0.35273 -0.111641   3.87981
 0.153501  0.642041  0.751146  -1.33255
  0.33663  0.680709 -0.650627   2.18465
       -0         0        -0         1
4	36	53
-0.912428 -0.210195  0.351132   3.57607
 0.006413 -0.865252 -0.501296   4.38289
 0.409188 -0.455144  0.790828  -1.60495
        0         0         0         1
2	36	53
 0.901342 -0.081291  0.425411  -1.86651
 0.030241  0.991643  0.125419 -0.024325
-0.432051 -0.100181  0.896268 -0.399349
       -0        -0        -0         1
3	36	53
     0.898   0.165498  -0.407684 -0.0607649
  -0.19918   0.979093  -0.041273   0.746149
   0.39233   0.118265    0.91219   -2.67495
        -0          0          0          1
5	36	53
 0.893571 -0.415781  0.169281 -0.181674
 0.142662   0.62054  0.771089  -1.03261
 -0.42565 -0.664873  0.613813   1.11681
       -0        -0        -0         1
1	36	53
 0.520587 -0.848398  0.095968  0.885886
 0.726021  0.499017  0.473154  -1.57673
-0.449313 -0.176643  0.875737  0.801343
       -0        -0        -0         1
0	35	53
  0.99148 -0.080597  0.102329 -0.313018
 0.032012  0.912262  0.408354 -0.884495
-0.126264 -0.401599   0.90707  0.867459
       -0        -0        -0         1
4	37	53
 -0.883163   -0.46905 0.00385199    4.06302
  0.460152  -0.864757   0.201135    2.64162
 -0.091011   0.179408   0.979556   -1.13679
         0          0          0          1
2	37	53
 0.366642 -0.913191  -0.17792   3.16139
  0.75321  0.179094   0.63293  0.143567
-0.546122  -0.36607  0.753488   1.22782
        0        -0         0         1
5	37	53
-0.398911  0.585837 -0.705453   2.01247
-0.310815 -0.810157 -0.497031   5.31986
-0.862707  0.020994  0.505268  0.826059
       -0         0        -0         1
1	37	53
  0.49202 -0.476608  0.728534  0.610008
 0.288729  0.878804   0.37992 -0.946475
-0.821311   0.02342      0.57    1.6333
       -0        -0         0         1
3	37	53
 -0.453312  -0.891321 0.00738301    4.35389
  0.853636  -0.431732   0.291398    1.54103
 -0.256542   0.138397   0.956573  -0.523484
         0          0          0          1
4	38	53
-0.727413 -0.667571  0.158802   4.38782
 0.659431 -0.744068 -0.107303   1.69557
 0.189791  0.026665  0.981462  -1.47121
       -0         0         0         1
2	38	53
 0.714382  -0.25273  0.652523 -0.657457
-0.122265 -0.963237 -0.239218   3.91373
 0.688992  0.091113 -0.719019   1.42992
       -0         0         0         1
5	38	53
 0.924523 -0.286507  0.251337 -0.486373
-0.00571699   0.64896  0.760801  0.064397
-0.381083 -0.704815  0.598341   1.51577
       -0        -0        -0         1
6	38	53
-0.467944  0.832284  0.297208  0.346721
-0.669602 -0.553379  0.495384   3.31473
 0.576769  0.032801  0.816248  -1.53798
       -0         0         0         1
1	38	53
 0.715117 -0.490012  0.498494 0.0541389
 0.304235  0.860246  0.409167 -0.808503
-0.629324 -0.140943  0.764256   1.82918
       -0        -0        -0         1
3	38	53
-0.974152 -0.201148 -0.102802    3.7425
 0.194805  -0.51764 -0.833127   3.71342
 0.114367 -0.831618  0.543444   1.63905
        0         0        -0         1
0	37	53
 0.588331 -0.357249  0.725424 -0.682314
  0.16149  0.930951  0.327493  -1.15195
-0.792331 -0.075526  0.605399   2.15468
       -0        -0        -0         1
4	39	53
 0.159508 -0.131724  0.978369 -0.319971
 0.027826  0.991264  0.128924 -0.692732
-0.986804  0.006659   0.16178   4.16126
       -0        -0         0         1
2	39	53
 0.872509 -0.011166   0.48847  -2.15185
  -0.0797 -0.989601  0.119739     4.039
 0.482054 -0.143405 -0.864326   2.16542
        0         0         0         1
5	39	53
-0.976217  0.120877 -0.179972   3.99235
 0.120188  0.992641  0.014765 -0.163383
 0.180432 -0.007217 -0.983561   2.68503
        0         0        -0         1
1	39	53
 0.128823 -0.991299 -0.027038   3.17811
 0.986527  0.125335  0.105147  -1.46918
-0.100843 -0.040219  0.994089  0.340636
        0        -0         0         1
3	39	53
-0.974127 -0.026174   0.22448   3.67067
-0.130805 -0.744699 -0.654457   4.82425
   0.1843 -0.666887  0.722008   1.11539
        0         0         0         1
7	39	53
 0.810752 -0.559203  0.173126 0.0523529
 0.063712   0.37828  0.923496  -0.85305
-0.581912 -0.737696   0.34232   4.16963
       -0        -0        -0         1
4	40	53
-0.764012  0.363245  0.533234   1.57572
-0.501702  0.185188 -0.844985    3.4792
-0.405686 -0.913104  0.040755   3.23823
        0        -0         0         1
2	40	53
 0.413437 -0.643577  0.644111   1.10479
-0.555906 -0.738667 -0.381235   4.87663
 0.721137 -0.200449 -0.663161    2.1524
        0         0         0         1
5	40	53
-0.402244  0.193058 -0.894946   3.81787
 -0.30805 -0.949059 -0.066274    4.9022
-0.862151   0.24903  0.441224  0.957687
       -0         0        -0         1
3	40	53
 -0.953098 0.00210001  -0.302656    3.23441
  0.183389    -0.7915  -0.583006    4.05751
 -0.240776  -0.611165   0.753992    1.84362
         0         -0          0          1
4	41	53
 0.285428  0.540831  0.791222 -0.784899
-0.668395  0.703993 -0.240087  0.839084
-0.686861 -0.460322  0.562428   2.45361
        0        -0         0         1
2	41	53
   0.911684   -0.410889 -0.00147001     1.56918
   0.381972    0.848829   -0.365495    -0.57177
   0.151426    0.332654    0.930812    -1.22157
         -0           0           0           1
5	41	53
-0.874268  -0.01367 -0.485251   2.70695
-0.165776 -0.931104  0.324906   4.36994
-0.456261  0.364498  0.811768 -0.482751
       -0         0         0         1
3	41	53
-0.686233  0.571738  0.449666  0.254045
-0.725953 -0.577064 -0.374152   4.86002
 0.045569 -0.583192  0.811055   1.98656
        0         0         0         1
4	42	53
 0.483865 -0.779578   0.39766   1.86982
 0.806126  0.220167  -0.54926  0.166158
 0.340639  0.586332  0.734969  -2.12211
       -0         0         0         1
7	42	53
  0.14043 -0.381008  0.913845  0.917391
 0.655673  0.727381  0.202509  -1.11442
-0.741871  0.570745  0.351962  0.533883
       -0        -0         0         1
4	43	53
-0.365813 -0.889257  0.274595   2.79583
  0.89726  -0.41534 -0.149727  0.568081
 0.247196  0.191611  0.949831  -1.86073
       -0         0         0         1
3	43	53
 0.651369 -0.612013  0.448507  0.096409
 0.536815  0.789456  0.297638 -0.239218
-0.536235  0.046893  0.842765   0.28581
       -0        -0         0         1
7	43	53
 0.529034 -0.616195  0.583461   0.01457
 0.600932  0.757493  0.255116   -1.2566
 -0.59917  0.215655  0.771031   1.04296
       -0        -0         0         1
4	44	53
 0.232385 -0.699549  0.675743   1.39057
 0.699575  0.602895  0.383553  -1.01575
-0.675716  0.383601  0.629491  0.833679
       -0        -0         0         1
2	44	53
-0.987034 -0.124404 -0.101423   3.73792
-0.160464  0.779736  0.605197   0.18499
 0.003794  0.613625 -0.789588   2.18226
       -0         0         0         1
5	44	53
  0.99991  -0.00802  -0.01072 -0.744392
 0.012831  0.802612  0.596364 -0.216779
 0.003821 -0.596448  0.802643  0.368764
        0         0        -0         1
1	44	53
 0.953778 -0.031015  0.298907  0.732387
 0.012367  0.997868  0.064079  0.622692
-0.300257  -0.05742  0.952128  0.766996
       -0        -0        -0         1
3	44	53
 0.580484 -0.656788   0.48132  0.550456
 0.769973  0.635053 -0.062043  -1.04768
-0.264914  0.406618  0.874347 -0.519936
        0         0         0         1
0	44	53
  0.95169  0.121789  0.281875 -0.276136
-0.159862  0.980277  0.116192  0.043101
-0.262165  -0.15564   0.95239   1.21412
        0         0         0         1
4	45	53
-0.537461  0.073325  0.840095  -0.69813
  0.36997  0.915722  0.156767 -0.208193
-0.757798  0.395066 -0.519293   2.77749
        0         0         0         1
5	45	53
-0.605888  0.737784  0.297616  0.125745
-0.607019 -0.670544  0.426495   2.89399
 0.514226   0.07775  0.854123  -1.73888
       -0         0         0         1
2	45	53
-0.804895 -0.190913  0.561869   3.49778
 0.149379  0.851162  0.503199  -1.05949
-0.574308  0.488954 -0.656577   3.17871
        0         0         0         1
1	45	53
 0.930351  0.092039 -0.354931  0.815706
-0.103882  0.994485 -0.014412  0.297584
 0.351647  0.050279  0.934781  -0.74245
       -0         0         0         1
3	45	53
 0.989911 -0.046827  0.133731  0.800287
 0.090359  0.935623 -0.341241  0.886728
-0.109142  0.349882  0.930414  -1.69706
        0         0         0         1
0	45	53
 0.903976  0.110198  -0.41314   0.58712
-0.087076  0.993416  0.074449 -0.429399
 0.418624 -0.031326  0.907619 -0.302996
        0         0         0         1
4	46	53
 0.773976  0.122241 -0.621304 -0.282913
-0.126157  0.991287  0.037877  0.041278
  0.62052  0.049066  0.782654  -1.86734
       -0         0         0         1
2	46	53
-0.971102 -0.137182  0.195301   3.75726
0.00270399  0.811928  0.583752 -0.744155
 -0.23865  0.567411 -0.788093   2.07323
        0         0         0         1
3	46	53
 0.045633 -0.954786   0.29377   3.47791
 0.766126  -0.15527 -0.623653  0.888192
 0.641069  0.253524  0.724401  -2.18015
       -0         0         0         1
5	46	53
  0.93708 -0.036994 -0.347148 -0.259336
 0.221761  0.831064  0.510053  -1.08103
 0.269634 -0.554945  0.786978    0.3923
        0         0        -0         1
1	46	53
 0.991534  0.116831  0.056657 -0.614901
-0.117736  0.992961  0.012902  0.270253
-0.054751 -0.019463   0.99831  0.604636
        0        -0         0         1
4	47	53
-0.982526 -0.048003  0.179827   3.51778
-0.044102 -0.878609 -0.475501   4.07502
 0.180823 -0.475123   0.86114  0.458389
        0         0         0         1
2	47	53
 0.580216  0.289652 -0.761217 -0.085253
-0.208597    0.9563  0.204886   0.41087
 0.787297  0.039909  0.615281  -1.60315
        0         0         0         1
3	47	53
0.687983 0.621534 0.374667 -1.38204
-0.724429 0.557296 0.405738  1.69611
 0.04338 -0.55056 0.833668  1.02506
       0        0        0        1
1	47	53
-0.492114 -0.870093  0.027606   3.96784
 -0.35407  0.229026  0.906742   1.09113
-0.795273  0.436446 -0.420781   3.94311
        0         0         0         1
4	48	53
-0.342883 -0.748174  0.568038     3.747
 0.700826 -0.606399 -0.375662   1.71581
 0.625519  0.269288  0.732264  -1.53285
        0         0         0         1
2	48	53
 0.560636 -0.797138 -0.224181   2.39179
-0.802973 -0.589485  0.087986   5.02213
-0.202288  0.130684 -0.970568   2.85597
        0         0         0         1
5	48	53
-0.936043 -0.331826  0.117115   4.36489
 -0.31017   0.93522  0.170757  0.695433
 -0.16619   0.12351 -0.978328   2.53997
        0         0         0         1
1	48	53
-0.985455 -0.108549   0.13075   4.43262
 0.001807 -0.776056 -0.630661   4.25547
 0.169927 -0.621252  0.764964   1.96332
        0         0         0         1
3	48	53
-0.508751  0.314154  0.801549   1.08148
-0.859073 -0.124399 -0.496506   4.04408
-0.056268 -0.941187  0.333169   3.06873
        0         0         0         1
4	49	53
-0.451619 -0.776242  0.439874   4.10703
 0.840043 -0.203832  0.502772  -1.38126
-0.300613  0.596574  0.744131 -0.647368
        0         0         0         1
6	49	53
 -0.98135  0.191129  0.020536   3.49745
-0.166036 -0.788939 -0.591615   5.13549
-0.096873 -0.583991  0.805959   1.77438
        0         0         0         1
2	49	53
-0.784986  0.577552  -0.22412   2.63868
 0.208346  0.586811  0.782461  -1.09745
 0.583428  0.567527 -0.580969 -0.134403
       -0         0        -0         1
2	50	53
 0.327238 -0.294055  0.898024 -0.691115
 0.315577  0.929793  0.189463 -0.233441
-0.890689  0.221396  0.397061   1.46336
       -0        -0         0         1
4	51	53
  0.42885  0.791278 -0.435852 -0.764034
 0.821978 -0.141644  0.551624  -0.98447
 0.374752 -0.594825 -0.711157   2.85476
        0         0         0         1
3	51	53
 0.694776  0.693071 -0.192197  -1.43064
-0.289298  0.024644 -0.956922   4.12509
-0.658478  0.720448  0.217626   1.54026
        0         0         0         1
2	52	53
-0.975674 -0.078756 -0.204589   3.54646
-0.136917 -0.509937  0.849246   1.01444
-0.171211  0.856599  0.486749  -1.52173
       -0         0         0         1
4	52	53
  -0.478315    0.878165 -0.00637399     1.23134
   -0.50845   -0.271008    0.817333     1.32434
   0.716026    0.394183    0.576131    -2.43333
         -0           0           0           1
7	52	53
 0.613936 -0.196311  0.764555  -1.10499
 0.516998  0.831923 -0.201539 -0.669955
-0.596486  0.519005   0.61224  0.678829
        0         0         0         1
3	52	53
 0.821483  0.569932  0.018538 -0.590227
  0.18665 -0.238029 -0.953155   4.27947
 -0.53882  0.786461 -0.301914    1.1611
       -0         0        -0         1
8	9	53
 0.969897  0.104683 -0.219866 -0.371997
-0.145563  0.973053  -0.17883  0.030863
 0.195221  0.205451  0.958999  -0.52392
       -0         0         0         1
13	14	53
 0.943348 -0.040348  0.329343 -0.022243
 0.108591  0.975459 -0.191538 -0.270114
-0.313532  0.216451  0.924579  0.217068
        0         0         0         1
12	14	53
   0.397639 -0.00783501    0.917508    0.385268
   0.350032    0.925635   -0.143796    -0.50214
  -0.848152    0.378336    0.370812     1.72638
          0           0           0           1
11	13	53
 0.008686 -0.364068  0.931332  0.717896
 0.412735  0.849635  0.328282  -1.59288
 -0.91081  0.381542  0.157643    4.1552
        0         0         0         1
15	18	53
-0.773135 -0.247446  -0.58398   5.25471
  0.44713 -0.865667 -0.225156   3.97051
-0.449818 -0.435192  0.779918  0.113175
        0        -0         0         1
15	21	53
-0.146392 -0.309868  0.939442  0.106927
-0.940676  0.337467 -0.035273   4.25004
  -0.3061 -0.888875 -0.340888   3.97777
        0         0        -0         1
12	21	53
 0.982536  0.133725 -0.129389   0.06943
-0.105836  0.973548  0.202493   0.21042
 0.153045 -0.185262  0.970698 -0.707125
        0         0         0         1
15	22	53
   0.9602  0.108847  -0.25723   0.61074
-0.030445  0.956243  0.290986  0.417773
 0.277648 -0.271574  0.921499  -1.41873
        0         0         0         1
12	22	53
 0.854064  0.310859 -0.417062   1.10203
-0.227812  0.944335  0.237347  0.261824
 0.467628 -0.107697   0.87734 -0.797635
        0         0         0         1
13	22	53
 0.986966   0.08906 -0.134038  0.674404
-0.044097  0.950694  0.306981 -0.483697
 0.154769 -0.297069   0.94223  0.146928
        0         0         0         1
15	26	53
 0.796577 -0.526964  0.296267  0.496936
 0.423022  0.135772 -0.895889   3.04257
 0.431877  0.838972  0.331071  -2.18994
       -0         0         0         1
12	27	53
 0.989852 -0.056401  0.130428 -0.172238
 0.048563  0.996862  0.062517  0.038037
-0.133545 -0.055548  0.989485 -0.011348
       -0        -0        -0         1
15	28	53
 0.718477   -0.2118 -0.662519   2.31347
 0.205787  0.974596 -0.088399   1.08854
 0.664411 -0.072825  0.743811  -1.78803
        0         0         0         1
11	25	53
-0.024295 -0.61741 0.786266  1.09029
0.437791 0.700502 0.563592 -1.54495
-0.898749 0.357912 0.253278   4.0965
       0        0        0        1
13	29	53
-0.926876 -0.312031 -0.208656   5.22977
 0.340763 -0.466329 -0.816344    3.2651
 0.157422 -0.827752  0.538558   1.84282
        0         0         0         1
8	27	53
 0.948808 -0.143176  0.281537 -0.871743
 0.241573  0.903192 -0.354806 -0.104038
-0.203482  0.404655  0.891543 -0.121518
        0         0         0         1
12	32	53
  0.30326  0.631044 -0.714015   2.42066
-0.269835    0.7755  0.570779   0.43384
 0.913905  0.019572  0.405456  -1.41273
       -0         0         0         1
15	33	53
-0.045706 -0.559984  0.827242  0.482276
 0.397761  0.749428  0.529287  -1.05741
 -0.91635  0.353236  0.188486   2.64678
       -0        -0         0         1
15	34	53
-0.676444 -0.345381  0.650488   2.64045
 0.395302  0.574957  0.716353  -1.22187
-0.621418  0.741712 -0.252397   2.40798
        0         0         0         1
12	34	53
  0.85649  0.336168 -0.391684   1.02003
-0.240377  0.931301  0.273672   0.10512
 0.456776 -0.140246  0.878457 -0.937047
        0         0         0         1
11	31	53
-0.854359 -0.254155  0.453296   2.57387
   0.1968   0.64906   0.73484  -0.73431
-0.480979  0.717026 -0.504513   3.26005
        0         0         0         1
8	32	53
  0.97262  0.176706 -0.150946  0.628199
-0.198659  0.969217 -0.145442  0.667614
 0.120599  0.171447  0.977784 -0.661936
        0         0         0         1
15	35	53
-0.619267 -0.375044 -0.689819    5.7859
 0.782535 -0.366848 -0.503052   2.18601
-0.064392 -0.851331  0.520662   1.22915
        0        -0         0         1
8	33	53
  0.99668 -0.064845  0.049243  0.299894
 0.067897  0.995696 -0.063083 -0.733026
 -0.04494  0.066217  0.996793  0.096815
        0         0         0         1
11	33	53
 0.962804  0.081085 -0.257749  0.782395
-0.002321  0.956357   0.29219 -0.107364
 0.270192 -0.280724  0.920973 -0.089244
        0         0         0         1
15	37	53
 -0.81715  0.311071 -0.485285   2.95832
-0.129187  0.721639  0.680109 -0.402853
 0.561762  0.618443 -0.549501  0.729905
       -0         0        -0         1
13	37	53
 0.966225 -0.054467  0.251878  0.196263
 0.039157   0.99709  0.065404 -0.658189
-0.254707 -0.053332  0.965546 -0.249688
       -0        -0        -0         1
11	34	53
 0.930313 -0.183543  0.317537  0.422171
 0.111202  0.966177  0.232673 -0.529816
-0.349502 -0.181148  0.919257  0.714806
       -0        -0        -0         1
15	38	53
 0.811566  -0.56532 -0.147557   1.49194
  0.54858  0.650398  0.525397  -1.00553
-0.201047 -0.507341  0.837965  0.643986
        0        -0         0         1
15	39	53
 -0.77573  0.213066 -0.594009   4.72995
 0.101531 -0.886879 -0.450707   4.62261
-0.622844 -0.409937  0.666346   2.43713
        0        -0         0         1
15	40	53
 0.777508   0.13221  0.614818  0.098252
 0.084317  0.946908 -0.310251  0.730676
-0.623195  0.293062  0.725081  0.333193
       -0         0         0         1
15	41	53
 0.611273  0.732085 -0.300661  -0.42405
-0.766038  0.451869 -0.457165    2.0413
-0.198824   0.50977   0.83702  -1.25951
        0         0         0         1
10	39	53
 0.849329 -0.463602  0.252416 -0.306469
-0.267953  0.033348  0.962855   1.74612
-0.454799 -0.885416   -0.0959   5.69383
        0         0         0         1
8	42	53
-0.193872 -0.452643  0.870361   1.03243
 0.708555  0.548996  0.443343  -1.96232
-0.678501   0.70265  0.214288   1.49378
        0         0         0         1
15	44	53
 0.774164  0.622939  0.112324 -0.413618
 -0.59885  0.778278 -0.188844   3.02517
-0.205057  0.078931  0.975562 -0.103486
       -0         0        -0         1
15	45	53
-0.928565  0.272966  0.251507   2.24384
 -0.36129 -0.820008 -0.443912     4.716
 0.085065 -0.503068   0.86005 -0.146052
        0         0         0         1
15	46	53
-0.829744  0.207439  0.518163   2.47465
 0.493832  0.705485  0.508351  -1.37304
-0.260105  0.677687 -0.687813    1.6759
        0         0         0         1
12	46	53
-0.915917 -0.361624   0.17414    4.8494
 0.216262 -0.810138 -0.544892   3.88716
 0.338123 -0.461415  0.820225  0.743949
        0         0         0         1
11	42	53
 0.727782 -0.277245  0.627271  0.682717
 0.312234  0.948301  0.056871 -0.641749
-0.610609  0.154466  0.776722   1.42323
        0         0         0         1
15	48	53
 0.801449  -0.59605  0.049026  0.913252
 -0.59806 -0.798496  0.068761   5.08855
-0.001838 -0.084429 -0.996428   2.65913
        0         0         0         1
15	49	53
  0.933739  -0.284222     0.2176  -0.749398
  0.258171   0.955811    0.14061 0.00271897
 -0.247949  -0.075116   0.965857   0.417296
        -0         -0         -0          1
13	49	53
 0.975649  0.218327 -0.021026 -0.477743
-0.218354  0.975869  0.001034 -0.109482
 0.020744  0.003583  0.999778  0.222588
        0         0         0         1
13	50	53
 0.732146  -0.34097  0.589662   0.95715
 0.266168  0.940074   0.21311 -0.948041
 -0.62699  0.000922  0.779027    1.7967
        0         0         0         1
15	51	53
 0.937579 -0.221129 -0.268417  0.108797
-0.268937  0.028335 -0.962741   4.51354
 0.220496  0.974833 -0.032904  -1.40399
       -0         0        -0         1
13	51	53
 0.974375 -0.077915  0.211004 -0.316459
 0.089698  0.994867 -0.046846  0.078697
-0.206271  0.064573  0.976362  0.566237
        0         0         0         1
14	49	53
 0.831558  0.460617 -0.310393 -0.458525
-0.460445  0.884203  0.078583  0.630765
 0.310647  0.077572  0.947355 -0.302893
        0         0         0         1
8	51	53
 0.660203 -0.400118  0.635639  -1.14884
 0.589076  0.800866 -0.107717  -2.12838
-0.465963  0.445555  0.764434   2.05418
        0         0         0         1
15	52	53
-0.677104 -0.251666  0.691516   1.41964
 0.304233  0.759903  0.574447 -0.763238
-0.670054  0.599343 -0.437968   2.50215
        0         0         0         1
12	52	53
 0.500925 -0.184416  0.845615 -0.520347
 0.479215  0.872698 -0.093555 -0.446076
-0.720713  0.452095  0.525531   1.54851
        0         0         0         1
8	52	53
 0.828762 -0.212308  0.517763  -1.20464
 0.448596  0.805173  -0.38789  0.410591
-0.334536  0.553735  0.762537 -0.379338
        0         0         0         1
16	17	53
 0.702264  0.320778 -0.635552  0.015257
-0.298557  0.943138  0.146128  0.644647
 0.646288  0.087128  0.758103  -1.56636
       -0         0         0         1
17	18	53
 0.997368  0.028898 -0.066497 -0.093801
-0.054358  0.904954 -0.422022  0.071257
 0.047981  0.424526  0.904143   -1.0734
       -0         0         0         1
18	19	53
 0.941484 -0.055686  0.332427 -0.362712
-0.008306  0.982126  0.188042 -0.090641
-0.336956 -0.179799  0.924193   0.83512
        0         0         0         1
17	19	53
 0.974457  0.003397  0.224547 -0.404688
