2	3	53
  0.705112   0.524303  -0.477594  -0.684118
 -0.384547   0.848514    0.36376   0.853563
  0.595914 -0.0728279   0.799847  -0.855127
         0          0          0          1
3	4	53
     0.93386     0.086066    -0.351403 -0.000206314
    -0.19905     0.934508    -0.300101     0.599011
    0.302109     0.349677     0.888506     -1.03546
           0            0            0            1
4	5	53
  0.938127 -0.0205878   -0.34654   0.181605
-0.0958957   0.944317  -0.315701   0.127437
  0.333644   0.329301   0.883651   -1.12917
        -0          0          0          1
1	2	53
  0.964471 -0.0587125   0.257594  -0.116703
 0.0530572   0.998178  0.0288566  -0.166449
 -0.258818 -0.0141637   0.965826    1.23164
         0          0          0          1
2	4	53
  0.13625  -0.98117 -0.138561   2.98082
 0.943185 0.0855325  0.321781  0.545345
-0.303801 -0.174492  0.936865   1.00134
        0         0         0         1
0	1	53
  0.996152  0.0581113 -0.0905114  0.0762171
-0.0547698   0.999681  0.0390394  -0.370507
 0.0925716 -0.0338658   0.997081   0.236888
         0          0          0          1
2	5	53
  0.96523  0.258332 0.0431041 -0.946994
-0.181411  0.778184 -0.601485   1.52118
-0.188901  0.572676  0.797886 -0.476249
       -0         0        -0         1
4	7	53
-0.0676285    0.98819   0.146281  -0.215652
 -0.998865 -0.0648989 -0.0233721    3.70745
-0.0135866  -0.147512   0.990226   0.236553
        -0         -0          0          1
7	8	53
 0.988446 0.0590127 -0.140368 -0.205531
-0.0397882  0.990013  0.136033 -0.245813
 0.146978 -0.128862  0.980818 -0.225019
        0         0         0         1
1	4	53
-0.439281 -0.509456  0.739966   2.19567
-0.014251 -0.819633 -0.572766   4.63983
 0.898271 -0.262143  0.352779  0.352303
        0         0         0         1
0	2	53
 0.972397 0.0458999   0.22922 -0.371371
-0.0715692  0.992001  0.104967 -0.531034
-0.222545 -0.118462  0.967804   1.73463
        0         0         0         1
4	8	53
-0.606185    0.6176  0.501107    0.6475
-0.327633 -0.768038  0.550251    2.2782
 0.724704  0.169375   0.66792    -1.433
       -0         0         0         1
2	7	53
-0.0814312 -0.775845  0.625646   2.21167
 0.935667 -0.275765 -0.220186   2.20136
 0.343362  0.567467  0.748388  -1.36709
       -0         0         0         1
0	3	53
  0.467647  -0.140558   0.873361  -0.269311
0.00565765   0.988348   0.156035   -0.25735
 -0.884581 -0.0679866   0.462713    2.87633
         0          0          0          1
3	8	53
 0.753043  0.625223  0.205543 -0.441356
-0.0501624  0.365958   -0.9294   2.78224
-0.656228   0.68949  0.306911 -0.107477
       -0         0        -0         1
0	4	53
  0.573672  0.0203961  -0.818897    0.60501
  -0.14663   0.986154 -0.0781581   -0.01722
  0.805921   0.164903   0.568688  -0.359504
         0          0          0          1
2	8	53
-0.657074  0.406802 -0.636125   3.75866
  -0.6451 -0.740683  0.192677   2.83257
-0.392414   0.53646  0.748405  -1.07504
        0         0         0         1
3	9	53
  0.43138  0.854142 -0.290438  0.691999
-0.607802 0.0372455 -0.793215   4.40097
-0.666701  0.518705  0.535216 -0.399241
        0         0         0         1
5	10	53
 0.937448 -0.268142  0.224994  0.142112
 0.324042  0.421587 -0.847699   2.32619
 0.132362  0.867005  0.481785  -2.96717
       -0         0         0         1
3	10	53
-0.773857  0.613241 -0.158368   1.93682
 -0.54701 -0.521082  0.655174   3.01932
 0.319257   0.59364  0.738693  -2.73725
       -0         0         0         1
2	10	53
-0.123027 -0.327069  0.936983 -0.370528
 0.949647 -0.313017 0.0154261   1.54283
  0.28824   0.89168  0.349101  -2.83397
       -0         0         0         1
1	9	53
 0.884704 -0.149812  0.441424 -0.651272
 0.464828   0.21215 -0.859609   3.68542
0.0351325  0.965685  0.257327 -0.319832
       -0         0         0         1
0	7	53
-0.731516   -0.4246  0.533831   2.82534
  0.65641  -0.65102  0.381674    1.5004
 0.185442  0.629495  0.754802 -0.358726
        0         0         0         1
1	10	53
 -0.489083 -0.0900822   0.867572   0.266567
  0.790726  -0.465633   0.397414    1.46571
  0.368171   0.880381   0.298964   -1.83631
        -0          0          0          1
2	11	53
-0.533932  -0.83115  0.155869   4.09852
 0.127769 -0.261513 -0.956805   4.47878
 0.835931 -0.490907  0.245801 -0.542817
        0         0         0         1
4	11	53
 0.616541 -0.763597  0.192317   1.49568
 0.604459  0.302396  -0.73714   1.58708
 0.504674   0.57067  0.647941   -2.8369
       -0         0         0         1
3	11	53
-0.799492  0.586438 -0.130006   2.12183
 -0.54778 -0.622999  0.558399   3.20727
 0.246472  0.517651  0.819322  -2.02405
       -0         0         0         1
2	12	53
  0.965868   0.195877  -0.169575  -0.815462
 -0.177501   0.977079   0.117621   0.182118
  0.188725 -0.0835058   0.978486  -0.921277
         0          0          0          1
4	12	53
 0.330364 -0.861028  0.387214   2.67763
 0.893544  0.152736 -0.422724  0.617273
 0.304768  0.485537  0.819642  -1.77535
       -0         0         0         1
3	12	53
 0.231645 -0.952156  0.199562   2.61795
 0.796516 0.0678437  -0.60087   1.21309
 0.558559   0.29813   0.77409  -1.63299
       -0         0         0         1
0	10	53
-0.474711 -0.171017  0.863367  0.313731
 0.821569 -0.437968  0.364975  0.545291
  0.31571  0.882574  0.348411  -1.62926
       -0         0         0         1
4	13	53
 0.0878781   0.629933    0.77227   -0.75281
  0.996084 -0.0805327  -0.047657  -0.605878
 0.0321573   0.773071  -0.634245   0.107253
        -0          0         -0          1
3	13	53
-0.271643 -0.942761  0.193614   3.76418
 0.958792 -0.247591  0.139606  0.322261
-0.0836749  0.223551  0.971132 -0.393638
        0         0         0         1
0	11	53
-0.559111 -0.324664  0.762881   1.62102
 0.798292 -0.459281  0.389604  0.454822
 0.223887  0.826834  0.515965   -1.1016
       -0         0         0         1
0	12	53
  0.982085    0.17738 -0.0637512  -0.893755
 -0.164599   0.971875   0.168477   0.148359
 0.0918417  -0.154964   0.983651   0.732496
         0          0          0          1
3	14	53
 -0.889687 -0.0837047  -0.448834    5.42169
  0.308551  -0.834824  -0.455924    3.62633
 -0.336534  -0.544117   0.768558   0.619672
         0         -0          0          1
2	14	53
  0.56002 -0.255684  0.788038  0.197537
 0.289323  0.951657  0.103162  0.117934
-0.776318  0.170224  0.606921    1.4012
       -0        -0         0         1
4	15	53
  -0.42548   0.237134   0.873941    1.21886
 -0.904251 -0.0597136  -0.424033    3.84982
-0.0483406  -0.970176    0.23971    3.29887
        -0         -0          0          1
2	15	53
  0.983596 -0.0174169   0.179605  -0.755429
 0.0105437   0.999188  0.0391501  0.0531324
 -0.180139 -0.0366134   0.982971   0.562962
         0          0          0          1
1	15	53
-0.244413   0.87557  0.417682 -0.660509
-0.830922 0.0333445 -0.556126   4.06097
 -0.50065 -0.482787  0.719086   3.13797
        0         0         0         1
3	15	53
  0.559633  -0.145321    0.81592   0.549203
  0.299074   0.953595 -0.0352908  -0.657558
 -0.772916   0.263766   0.577116    1.29803
         0          0          0          1
4	16	53
  0.452708   -0.77816    0.45002    2.24829
    0.8783   0.275611  -0.406969 -0.0139411
  0.191417   0.575762   0.803028   -1.33309
        -0          0          0          1
6	16	53
-0.779152 -0.259118  0.570809   2.45331
0.0406173  0.887809  0.458462  0.320057
-0.625552  0.380387   -0.6812   1.52131
        0         0         0         1
3	16	53
   0.97514  -0.150478   0.163407  0.0885817
  0.165958   0.982538 -0.0855668  0.0332555
 -0.147659   0.110545   0.982964   0.418552
         0          0          0          1
7	16	53
-0.792575  0.347757    0.5013  0.970696
-0.0557225 -0.859646  0.508247   3.05049
 0.607561  0.374813  0.700568  -1.05221
        0         0         0         1
0	15	53
-0.704147 -0.625337 -0.336348   4.74222
 0.705051   -0.6719 -0.226834   2.08544
-0.0841443 -0.396867  0.914011   2.35703
        0         0         0         1
2	17	53
 0.963694 0.0419425  0.265928 -0.723185
-0.0741666  0.991489  0.112392   1.32649
-0.258798  -0.12796  0.958036  -1.11083
        0        -0         0         1
6	17	53
  0.66193  0.370088 -0.651953  0.981867
-0.0574547  0.892205  0.448137  0.425652
 0.747467 -0.259158  0.611792   -1.0173
        0         0         0         1
7	17	53
 0.990936 0.0514556 -0.124338  0.365214
-0.084394  0.957364 -0.276396  0.400492
 0.104812  0.284375  0.952999  -0.70123
       -0         0         0         1
4	18	53
 0.944509  0.170702 -0.282599  0.670984
-0.124305  0.977277  0.174861 -0.188049
 0.305859 -0.129957  0.943748  -2.29267
        0         0         0         1
5	18	53
 -0.561023 -0.0121922   0.827724   0.723379
  0.186992  -0.975925   0.112366    3.07873
  0.806418   0.217814    0.54979   -2.59538
        -0          0          0          1
1	18	53
 0.901171  0.172429  0.398498  -1.66849
-0.0764676  0.966738 -0.245381   1.36353
-0.427417  0.190598  0.884098 -0.536744
       -0         0        -0         1
2	18	53
-0.862439 0.0967237 -0.496902   3.18866
0.0810556 -0.942562 -0.324156   4.79423
-0.499697  -0.31983  0.805034 -0.168462
        0        -0         0         1
3	18	53
-0.942723 -0.114034  0.318737   2.40316
-0.0707034 -0.855993 -0.515363   4.97949
 0.331056 -0.507538  0.797577 -0.868808
        0         0         0         1
3	19	53
 -0.985058  -0.171798 -0.0120811    3.11581
  0.152915  -0.840194  -0.520282    4.67152
 0.0792334  -0.514354   0.853909   -0.68607
         0          0         -0          1
2	19	53
 0.861373  0.140526  0.488517  -1.36459
0.00467741  0.958969 -0.284104   1.34076
-0.508306   0.24696  0.825224  -1.43135
       -0         0         0         1
4	19	53
 -0.932789  -0.217873   0.287118    2.41018
  0.196196  -0.975183  -0.102594     3.4216
  0.302345 -0.0393671   0.952385   -2.18132
         0          0          0          1
1	19	53
  0.73391 -0.239281  0.635756 -0.995566
 0.285244  0.957978 0.0312749  0.338539
-0.616503  0.158387  0.771299 -0.109683
       -0        -0         0         1
6	20	53
  0.920019   0.149573  -0.366879 -0.0231087
0.00839132   0.920012   0.396123 -0.0245667
  0.396108  -0.366895   0.843738  -0.966158
         0          0          0          1
7	20	53
  0.970024 -0.0773766   0.231022  -0.381839
  0.128922   0.967734  -0.217199  -0.343944
 -0.206729   0.240436   0.948556    -0.3795
         0          0          0          1
2	20	53
 0.661685 -0.200676  0.722655  -1.14128
 0.146482  0.979717  0.137937  0.590148
-0.735557 0.0145826  0.677548 -0.240408
       -0        -0         0         1
1	21	53
 0.239623 -0.402854  0.883634  0.286369
  0.94608 -0.108559  -0.30605   1.75125
 0.219163  0.909089  0.355027  -1.09713
       -0         0         0         1
3	21	53
-0.277668  0.874201 -0.398339    1.4506
-0.902574 -0.379406 -0.203497   4.13246
-0.329029  0.303026  0.894379  -1.18235
       -0         0        -0         1
7	21	53
 0.959608  0.153381 -0.236854 -0.220984
-0.184442  0.976334 -0.115011  0.459546
 0.213558  0.154015   0.96496   -1.3768
       -0         0         0         1
4	21	53
  0.429886   0.874812   0.223388  -0.705187
 -0.502066   0.437251  -0.746151    3.23487
 -0.750418   0.208606   0.627182 0.00481653
        -0          0         -0          1
0	21	53
-0.797633 -0.305334  0.520495   2.75237
 0.589937 -0.576063  0.566117  0.955086
  0.12696  0.758476  0.639498  -1.00219
       -0         0         0         1
4	22	53
 0.507265  0.749285  0.425809 -0.970983
-0.0612822  0.524202  -0.84942   2.78762
-0.859642  0.404774  0.311818  0.301113
       -0         0        -0         1
7	22	53
  0.948515   0.152855  -0.277473  0.0149695
 -0.178555   0.981478 -0.0696924   0.441684
  0.261676   0.115646   0.958222   -1.55036
        -0          0          0          1
1	22	53
 0.644918  0.570497 -0.508598  0.308808
-0.673573   0.10979 -0.730961   4.22495
-0.361162  0.813964  0.455063 -0.423728
        0         0         0         1
3	22	53
-0.245245   0.92473 -0.291086  0.903705
-0.849289 -0.349725 -0.395475   4.77972
-0.467507  0.150227  0.871131 -0.425132
       -0         0        -0         1
2	22	53
-0.0851388   0.452871  -0.887609    2.19696
 -0.941411  -0.328562 -0.0773375    4.28364
 -0.326628   0.828941   0.454268   -1.28278
        -0          0         -0          1
2	26	53
 0.208373 -0.591507   0.77891   0.50677
 0.915895 -0.161361 -0.367557  0.929994
 0.343098  0.789989  0.508135  -2.31928
       -0         0         0         1
3	26	53
 -0.79346   0.38842  0.468563   2.28839
-0.0808214 -0.830301  0.551424   2.86484
 0.603232  0.399663  0.690203  -2.52319
       -0         0         0         1
7	26	53
 0.464852  0.408769 -0.786993  0.685621
-0.555671  0.826756  0.101204   1.57595
 0.691144   0.38977  0.610686  -2.37419
       -0         0         0         1
5	27	53
  0.910792 -0.0895933  -0.403055   0.286082
 -0.278995   0.586072  -0.760727    2.99228
  0.304371   0.805305   0.508787     -2.557
        -0          0          0          1
4	27	53
 0.325658  0.945036 0.0292031  -1.14657
 -0.71682   0.26692 -0.644146   4.71663
-0.616537  0.188838  0.764345   1.12295
       -0         0        -0         1
2	27	53
-0.866001 -0.336948  0.369471    3.5755
 0.499382 -0.620716  0.604424    1.3671
0.0256765  0.707939  0.705807  -1.78254
       -0         0         0         1
7	27	53
 0.991036 0.0687352 -0.115344 -0.634747
-0.0981849  0.956994 -0.273316   0.53089
0.0915886  0.282166  0.955078  -1.17571
       -0         0         0         1
4	28	53
-0.253983  0.955154 -0.156537  0.916219
-0.926611 -0.193186  0.324656   3.60838
  0.27967  0.227356  0.933501  -2.21212
       -0         0         0         1
3	28	53
-0.657528  0.360085  0.664611   1.16214
 0.260067 -0.719328  0.647027   1.74063
 0.709742  0.597175   0.37863  -2.41566
       -0         0         0         1
2	28	53
  0.833303  0.0690837  -0.548504   0.290237
 -0.548431 -0.0217088  -0.835927    5.16558
-0.0696558   0.997385  0.0197968   -1.03683
        -0          0          0          1
7	28	53
-0.949642 -0.250861   0.19286   2.57973
  0.30563 -0.885187  0.353524   1.84102
0.0819527  0.394282   0.91639  -1.55603
       -0         0         0         1
5	28	53
  0.838298   0.406159   -0.36443 -0.0456655
 -0.100811    0.77178   0.628259  -0.782488
  0.536294  -0.489803   0.687749   -1.04201
         0          0          0          1
4	29	53
 0.563137 -0.737315  0.373155      1.52
 0.763004  0.290524 -0.577426   1.10654
 0.317335  0.609889  0.726179  -2.16366
       -0         0         0         1
2	29	53
 0.438307  0.862191 -0.253996  0.466807
-0.793343  0.503928  0.341562    1.7528
 0.422488 0.0517971  0.904887  -1.62582
       -0         0         0         1
1	29	53
 0.769174  0.584942 -0.257322  0.708278
-0.503853  0.802798  0.318819   1.14802
 0.393069 -0.115575  0.912216 -0.615057
        0         0         0         1
0	29	53
  0.821944   0.346035  -0.456527    1.02115
 -0.235526   0.931961   0.282355 -0.0524164
  0.522192  -0.124324   0.845936  -0.267632
         0          0          0          1
4	30	53
  0.550389   0.748196   0.371216    -1.1904
  0.235411   0.287579  -0.928658    2.23797
 -0.801362   0.598354 -0.0178483   0.959442
        -0         -0          0          1
3	30	53
-0.827548  0.559227 0.0534473   1.72269
-0.420432 -0.679643  0.601458   3.22554
 0.372597  0.475163  0.797383  -1.75132
       -0         0         0         1
2	30	53
 -0.366388   -0.90743   0.205748    3.24127
-0.0314782  -0.208911  -0.977428    4.75959
   0.92993  -0.364594  0.0479779 -0.0565539
         0          0          0          1
4	31	53
  0.81389 -0.501177 -0.293946   1.69924
-0.102617  0.373971 -0.921746   2.53342
 0.571886  0.780363  0.252942  -1.52792
       -0         0         0         1
3	31	53
-0.0853187    0.15995   0.983549   0.346782
  0.823232  -0.544896   0.160026    1.29807
  0.561463   0.823247 -0.0851771   -1.11203
        -0          0         -0          1
2	31	53
  0.556801  -0.510232   0.655466  0.0780791
  0.749125 -0.0324624  -0.661632    2.82517
  0.358863   0.859424   0.364153   -1.34935
        -0          0          0          1
4	32	53
 -0.330556   0.251281    0.90972  -0.553813
  0.836922  -0.367481    0.40561   0.166474
  0.436227   0.895442 -0.0888281   -0.17676
        -0          0         -0          1
1	32	53
  0.216893   0.700653  -0.680472    2.61387
 -0.926682 -0.0725971   -0.37012     5.0261
 -0.308572   0.710503    0.63322  -0.290085
        -0          0          0          1
2	32	53
-0.541222  0.405051 -0.739341   3.64381
-0.736435 -0.654783   0.18037   3.54354
-0.410308  0.640941  0.651501 -0.956741
        0         0         0         1
7	32	53
 0.687021  0.478984 -0.546731  0.804241
-0.516055  0.851214 0.0972636  0.751678
 0.511886  0.215284  0.831843   -1.2797
       -0         0         0         1
0	32	53
0.0683789 -0.615896  0.784854    1.1615
 0.978127 -0.113523 -0.174302   0.82606
 0.196451  0.779605  0.594662 -0.773163
       -0         0         0         1
2	33	53
-0.372318 -0.742723  0.556737  0.843682
 0.911205 -0.406779 0.0666984   1.47759
 0.176912  0.532077  0.828136  -2.39324
       -0         0         0         1
7	33	53
  0.998624  0.0206288 -0.0482634 -0.0550022
-0.0183924   0.998759  0.0463378  -0.658349
 0.0491591 -0.0453867   0.997761  -0.287416
         0          0          0          1
3	33	53
-0.232138 -0.195238   0.95303 -0.413718
 0.802017 -0.592941 0.0738845   1.27314
  0.55059  0.781392  0.294188  -1.59777
       -0         0         0         1
4	34	53
-0.405571  0.898504   0.16826  0.297821
-0.813905 -0.438737  0.381022   2.48077
 0.416149 0.0175834  0.909187  -1.95321
       -0         0         0         1
7	34	53
  0.999774 -0.0342997  0.0549544  -0.619533
 0.0376056   0.999339 -0.0604274  -0.728863
-0.0527475  0.0623638   0.998536  -0.423129
         0          0          0          1
3	34	53
 0.567089  -0.79909  -0.19966   2.40298
  0.58286  0.560608 -0.588211   1.62665
 0.581964  0.217194  0.783673  -1.79071
       -0         0         0         1
2	34	53
  0.76351  0.569742 -0.304051  0.139413
-0.427061  0.798614  0.424069    1.0802
 0.484429 -0.193933  0.853064  -1.26447
        0         0         0         1
1	34	53
  0.847723   0.529534 -0.0309816  -0.640091
 -0.441566    0.73685   0.511931   0.873684
  0.293913  -0.420295   0.858468  0.0370049
         0          0          0          1
5	35	53
 0.945393  0.315734  0.081561   -1.3722
-0.296227  0.726917  0.619636 -0.104467
 0.136345 -0.609927   0.78071 -0.350091
        0         0        -0         1
3	35	53
 0.655703  0.528976 -0.540123 -0.133756
-0.421605  0.849329  0.319976  0.928447
 0.627533 0.0178959  0.779343  -2.58859
       -0         0         0         1
7	35	53
-0.871872  0.474871  0.120329   1.79132
-0.418971 -0.850124  0.319207   3.13323
 0.253859  0.227877   0.94009  -1.52406
       -0         0         0         1
4	36	53
  0.996033  0.0864733 -0.0261246  -0.857325
-0.0568211   0.824604   0.563065  -0.808678
 0.0702244  -0.559279   0.826147  -0.646995
         0          0          0          1
3	36	53
  0.911918   0.293197  -0.290332  -0.534188
 -0.249921    0.95287   0.177284   0.468948
  0.328324 -0.0890268   0.941344   -2.24576
         0          0          0          1
7	36	53
 -0.79314  0.402921 -0.456756    3.3966
-0.536005 -0.817894  0.209261   3.59199
-0.289257  0.410789  0.864654 -0.706649
        0         0         0         1
0	36	53
  0.764222 -0.0543177   0.643333   -0.65493
-0.0768191   0.982152   0.174179   -0.17299
 -0.641035  -0.182453   0.746088    1.73073
        -0         -0         -0          1
4	37	53
-0.970799 -0.235891  0.043641   4.57337
 0.150215 -0.739582  -0.65609   4.41859
 0.187042 -0.630376   0.75342 -0.900337
        0         0         0         1
6	37	53
 0.0789353  -0.479328   0.874289 0.00490423
  0.105421   0.876121   0.470814  -0.829966
 -0.991475  0.0549944   0.119666    2.76048
        -0         -0          0          1
5	37	53
   0.764324 -0.00976581    0.644758    -1.81185
  -0.322714    0.859866    0.395582   -0.286559
  -0.558269   -0.510426    0.654065     1.11509
         -0          -0          -0           1
7	37	53
-0.499566  0.783055 -0.370753   1.18864
-0.822094 -0.563523 -0.082478   4.12993
-0.273486  0.263564   0.92517 -0.452118
       -0         0        -0         1
3	37	53
  0.990443  0.0465241  -0.130129  -0.799262
-0.0514453   0.998111 -0.0347119   0.658355
  0.128263  0.0410739   0.990928   -2.20718
        -0          0          0          1
0	37	53
   0.536121    -0.18781     0.82309    -0.18931
   0.101354    0.982294    0.158121   -0.668748
  -0.838139 -0.00134799    0.545616     2.19213
         -0          -0          -0           1
4	38	53
-0.949301  -0.28505  0.162799   3.75579
 0.138345  -0.79916 -0.592565   4.19233
 0.297687 -0.537606  0.794539  0.322615
        0         0         0         1
2	38	53
  0.859893 -0.0634063   0.508473  -0.474643
-0.00142752   0.992997    0.12624   0.122002
  -0.51241  -0.109171   0.852936   0.776647
        -0         -0         -0          1
5	38	53
0.0614016  0.935219  0.349099 -0.842764
-0.923137  0.186301 -0.336725   3.65642
-0.379897 -0.301549  0.874655   0.60514
        0        -0         0         1
3	38	53
 -0.202666  -0.977013 -0.0661229    4.08752
  0.953203  -0.212295   0.215259    0.77265
 -0.224348 -0.0194031   0.974316   0.123998
        -0         -0         -0          1
7	38	53
  -0.523514    0.847341   0.0929928    0.676315
  -0.851126   -0.525626 -0.00206273     4.01706
   0.047115  -0.0801997    0.996018    0.201746
          0           0           0           1
0	38	53
 0.765854 -0.395539  0.507444 -0.159944
 0.185545  0.891158  0.414602  -1.02659
-0.616055 -0.223317  0.755705   2.36676
       -0        -0        -0         1
2	39	53
 0.904289  0.300874  0.304867  -1.64722
-0.253708  0.950049 -0.185063   1.08929
-0.345111 0.0899484  0.934889  0.221518
       -0         0        -0         1
4	40	53
 0.964892 0.0434365  0.260246  -1.93701
-0.125762  0.943087  0.308872 -0.778462
-0.231945 -0.330653  0.915151 -0.442981
        0        -0         0         1
5	40	53
 -0.411163 -0.0218598  -0.911756    4.16647
 -0.122417  -0.989756  0.0789353    3.94274
 -0.903765   0.144009   0.404108    1.37841
        -0          0          0          1
7	40	53
  0.609744  -0.353823   0.709472   -0.70506
 -0.503513   0.518523    0.69133 -0.0174831
 -0.612385  -0.778634   0.137989    4.15914
        -0         -0         -0          1
3	40	53
-0.957519 -0.117541 -0.263327    5.1346
 0.247338 -0.804239 -0.540393   4.44218
-0.148259 -0.582568  0.799146  0.392462
        0        -0         0         1
1	41	53
  0.977811  0.0397004   0.206842  0.0793691
 0.0432831   0.923462  -0.381861 -0.0534197
 -0.206122   0.382251   0.901039 -0.0009653
        -0          0          0          1
3	41	53
  0.742309   0.250603   0.623874  -0.412189
   0.10132   0.877035   -0.47285   -0.27018
 -0.664646   0.413583    0.62469 -0.0431689
        -0          0          0          1
2	42	53
  0.973653 -0.0401298  -0.224743   0.637718
 -0.221062  0.0801636  -0.972021    3.45027
 0.0570198   0.996033  0.0691761   -1.62755
        -0          0          0          1
4	42	53
   0.335752     0.94195 -0.00127222    -1.21393
  -0.680933     0.24178   -0.691284     3.31092
  -0.650848    0.232965    0.722582    0.954239
          0           0           0           1
7	42	53
  0.957157 -0.0875084   0.277041   0.147118
  0.164743   0.949135  -0.269375  -0.451629
  -0.23931   0.303389   0.922629  -0.180195
         0          0          0          1
1	42	53
 0.971345  0.199573 -0.130989  0.154251
-0.153464  0.101626 -0.983169    3.3257
-0.182857  0.974854  0.129309 -0.584638
        0         0         0         1
3	42	53
-0.0953711  0.821387 -0.562864  0.384551
-0.898724 -0.314452   -0.3066    3.9215
-0.428705  0.476479  0.767963 -0.523289
       -0         0        -0         1
4	43	53
-0.151919 -0.963206  0.222813   2.63177
 0.986474  -0.13277 0.0986485 -0.351861
 -0.06542  0.234727   0.97011  -1.48201
        0         0         0         1
2	43	53
-0.414422 -0.687858  0.595908   2.50979
 0.894655 -0.427978   0.12817   1.64769
 0.166873  0.586247  0.792759  -1.57152
       -0         0         0         1
7	43	53
   0.924772    0.217298   -0.312377    -0.05877
   -0.22925    0.973366 -0.00157934    0.406425
   0.303714   0.0730736    0.949957   -0.784525
         -0           0           0           1
4	44	53
-0.0777678  -0.830525   0.551805    2.61507
  0.995819 -0.0363602  0.0856185  -0.914863
-0.0510366   0.556071   0.829752   -1.42929
         0          0          0          1
7	44	53
  -0.96683 -0.0880586  -0.240367    3.28644
-0.0333975  -0.887692   0.459542    2.26905
 -0.253801   0.452261   0.855182   0.075296
        -0          0          0          1
3	44	53
  0.647727    -0.1167   0.753641  -0.692047
  0.252418   0.965861 -0.0673817   0.135308
 -0.719638   0.233744   0.654697    1.31761
         0          0          0          1
0	44	53
 0.960566 0.0634702  0.272468  0.218814
-0.100321  0.987733  0.123588  0.348289
-0.261157  -0.14598  0.954695   1.25052
        0         0         0         1
2	45	53
  0.74119  0.496008 -0.452342  0.798314
-0.482362   0.86215  0.154996   1.18042
 0.466866  0.103311  0.878273  -1.48314
       -0         0         0         1
4	45	53
   0.89618 -0.0433959   0.441662   -1.14738
-0.0754358   0.965871   0.247972  -0.413558
 -0.437331  -0.255533   0.862283    1.77316
        -0         -0         -0          1
5	45	53
-0.893054 -0.478818  0.140861   3.27271
 0.435093 -0.888334 -0.261172   3.77565
 0.244546 -0.168077  0.979082  -1.27646
        0         0         0         1
3	45	53
 0.987743 0.0843506  0.132578  0.605686
-0.0546009  0.975506 -0.213857  0.382109
-0.147346  0.203964  0.967995  -1.58567
       -0         0        -0         1
4	46	53
 0.752696   0.26721 -0.601973 -0.488479
-0.091327  0.947661  0.306463 -0.403285
 0.652251 -0.175668  0.737585  -1.49113
        0         0         0         1
2	46	53
-0.976688 -0.186278  -0.10708   4.17422
 0.211585 -0.747129 -0.630169   4.32612
0.0373816 -0.638109  0.769093   1.40049
        0         0        -0         1
5	46	53
   0.935248    0.224683   -0.273658   -0.960742
  -0.051335    0.850774    0.523075   -0.633517
   0.350337   -0.475143    0.807195 -0.00818696
          0           0           0           1
3	46	53
  0.856001 -0.0187864   0.516703   -1.16336
  0.104935    0.98489  -0.138032  -0.460598
 -0.506284   0.172369   0.845007    1.01815
         0          0          0          1
4	47	53
 0.973084 0.0739443  0.219417 -0.554471
-0.167414  0.879488  0.446067 -0.326871
 -0.15995 -0.470676  0.867977   1.19221
        0        -0         0         1
5	47	53
-0.802087 -0.505142   0.31857   4.09896
 0.367547 -0.837983 -0.403354   3.66213
 0.470708 -0.206436  0.857798 -0.819659
        0         0         0         1
2	47	53
  -0.1996  0.909621  0.364734 -0.948103
-0.890705  -0.32363  0.319673   4.53153
 0.408762 -0.261027  0.874677 -0.406351
        0         0         0         1
1	47	53
 0.654617 -0.208049  0.726896  -0.30166
 0.183767  0.976435  0.113978 -0.393231
-0.733412 0.0589621   0.67736   2.01891
        0         0         0         1
3	47	53
   0.963527    0.258991  -0.0687038   -0.838077
  -0.258143     0.96597   0.0210882    0.120571
  0.0718205 -0.00258309    0.997504   -0.368323
          0           0           0           1
7	47	53
   0.5103  0.507204  0.694626  -2.32225
-0.857687  0.360464  0.366887   2.16949
-0.0642963 -0.782928  0.618915   2.17842
        0         0         0         1
0	47	53
  0.701651  -0.124384   0.702001   -1.31219
 0.0519142   0.991254   0.123747   -0.62863
 -0.711043 -0.0503689   0.701763    2.54668
         0          0          0          1
5	48	53
 0.941821   0.30006 -0.151833   -1.8067
-0.157677   0.79284  0.588777 -0.158798
  0.29703 -0.530551   0.79398   0.51435
        0         0         0         1
2	48	53
  0.867552   0.493006  0.0707584   -1.71561
 -0.495891   0.868258  0.0304567     1.1653
-0.0464055 -0.0614896   0.997383   0.306152
         0          0          0          1
4	48	53
 0.149487 -0.835131  0.529768   2.97685
 0.986882 0.0910129    -0.135 -0.504988
0.0645128  0.542879  0.837594 -0.987965
        0         0         0         1
1	48	53
 0.870519  0.454121  0.189927   -1.4909
 -0.47609  0.874786  0.090496   0.85613
-0.125044 -0.169192   0.97767   1.52764
        0         0         0         1
6	48	53
 0.854139 -0.280159  0.438933 -0.543878
 0.162043  0.944366  0.287435 -0.648773
-0.494866 -0.174322  0.851719   2.35716
        0         0         0         1
7	48	53
-0.819915  0.528247  0.223152   1.89408
-0.371851 -0.786166  0.494746   4.02688
 0.436542  0.322493  0.840555  -1.04758
        0         0         0         1
3	48	53
-0.316955  0.522955  0.791601  0.678383
-0.913154 0.0582948 -0.404135   3.91042
-0.257417 -0.850703  0.458929   3.03476
        0         0         0         1
0	48	53
 0.989399  0.131823 0.0610827 -0.893317
-0.139501  0.979424  0.145898  -0.59982
-0.0405924 -0.152871  0.987422   1.59972
        0         0         0         1
4	49	53
-0.210283 -0.797415  0.567415    3.0517
 0.764753  0.228279  0.604228   -2.1766
-0.610725  0.560417  0.561247  0.903452
       -0        -0         0         1
1	49	53
 0.608355  0.211798  0.765145  -1.24575
-0.182889  0.975412  -0.12459  0.781394
-0.772565 -0.064129  0.632006   2.99694
        0        -0         0         1
5	49	53
 0.901483 0.0543763  0.429559  -2.32777
-0.268384  0.848745  0.455798  0.236406
-0.339776 -0.526142  0.779664   1.49967
        0        -0         0         1
7	49	53
-0.766024  0.438796 -0.469764   3.36127
-0.580587 -0.785964  0.212585   4.53833
-0.275934  0.435581  0.856821   0.16145
        0         0         0         1
0	49	53
  0.745732  -0.104429   0.658203   -0.69328
  0.023196    0.99124   0.130986   -0.46989
 -0.666031 -0.0824034   0.741529     2.9667
         0          0          0          1
4	50	53
 0.238911  0.599605  0.763802    -1.094
 0.926569 0.0945467 -0.364046 0.0259849
-0.290499  0.794691 -0.532988  0.556589
       -0        -0         0         1
2	51	53
-0.910202 -0.287896  0.297921   4.23902
 0.414294 -0.635036  0.652073   1.67348
0.00146137  0.716906  0.697246  -1.17711
        0         0         0         1
7	51	53
 -0.94775 -0.108365  0.300051   3.87452
 0.223009  0.447512  0.866027 -0.397401
-0.228123   0.88769 -0.399963  0.441281
        0         0         0         1
3	51	53
 0.728816  0.375691  0.572435  -1.62829
 0.659496 -0.160387 -0.734399   1.59347
-0.184096   0.91276  -0.36466  0.405167
        0         0         0         1
0	51	53
-0.578998 -0.266882  0.771634   2.53841
 0.785983 -0.438324  0.438162 -0.345823
 0.221081  0.859377  0.463117 -0.770266
        0         0         0         1
4	52	53
  0.52763 -0.750123   0.39865   1.33719
 0.741947  0.178413 -0.646285   1.05962
 0.413669  0.636777  0.650687  -2.24394
       -0         0         0         1
3	52	53
-0.578513  0.722283 -0.378986   1.74779
-0.814304 -0.538335  0.217036   3.69438
-0.0472597  0.434168  0.899592  -1.22515
        0         0         0         1
15	16	53
 0.749664  0.388593 -0.536629 -0.284154
-0.326852  0.921774  0.210881   1.16414
 0.576319 0.0172999  0.817636  -1.02417
       -0         0         0         1
8	9	53
   0.81084   0.332795  -0.481595 -0.0456713
 -0.434039   0.893849    -0.1131   0.734089
  0.392806   0.300715    0.86915   -1.00379
        -0          0          0          1
12	14	53
 0.302721  0.021201  0.952927  0.636575
 0.295894  0.948345 -0.115098 -0.484188
-0.906072  0.316783  0.280789   2.05593
       -0         0         0         1
12	15	53
  0.810335   0.181619   0.558479  -0.678264
 -0.145052   0.984115  -0.109572   0.110052
 -0.569074 0.00777616   0.823179    2.01316
         0          0          0          1
9	11	53
  0.98607 -0.057497  0.156743  0.351013
0.0829681  0.983539 -0.161168 -0.718696
-0.144881  0.171909  0.974507  0.924435
        0         0         0         1
12	16	53
-0.909765 -0.321461  0.264951   3.54399
 0.414891 -0.756384   0.50691   2.47575
0.0374305  0.570751  0.821007 -0.264385
        0         0         0         1
13	16	53
-0.787117 -0.285871  0.546596    3.5321
 0.269438  0.637796  0.721568 -0.462548
-0.554881  0.715218 -0.424986   1.33441
        0         0         0         1
11	15	53
  0.31086 -0.143674  0.939561   1.28518
0.0986032  0.988076   0.11847  -0.70586
-0.945355  0.055815  0.321311   3.45357
        0         0         0         1
15	18	53
-0.509583  0.206197  0.835349  0.622838
-0.321224 -0.946256  0.037619    4.0612
 0.798211 -0.249164  0.548431  -1.80555
        0         0         0         1
13	18	53
 0.645654  0.733525  0.213001 -0.185588
-0.513143  0.209957  0.832407  0.110605
 0.565786  -0.64665  0.511886  0.319707
        0         0        -0         1
8	13	53
 0.087782    0.9367  0.338997  -1.45796
-0.993846 0.0591917 0.0937962    3.6532
0.0677927 -0.345138  0.936116  0.902679
        0         0         0         1
11	16	53
  0.941507  -0.139057   0.307575   0.317512
  0.114929    0.98898  0.0953196   -0.60215
 -0.317381 -0.0543847   0.946936    2.47623
         0          0          0          1
10	15	53
0.0219691 -0.557629   0.82995   2.82234
 0.753534  0.554898   0.35288  -1.24502
-0.657232  0.617566  0.432329    2.1633
        0         0         0         1
15	19	53
   0.55987  -0.826127 -0.0637195    2.91809
  0.813349   0.533273   0.232557 -0.0983125
 -0.158142  -0.182028   0.970493   -1.51846
         0         -0          0          1
9	15	53
-0.141258  0.942024  0.304518 -0.863127
-0.803631 -0.288753  0.520473   3.36848
 0.578201 -0.171191  0.797791   1.01271
        0         0         0         1
8	15	53
  -0.65561   0.754842 -0.0217259   0.177778
 -0.732289  -0.628469    0.26242    4.02764
  0.184423   0.187946   0.964753   0.414457
         0          0          0          1
10	17	53
  0.764617   0.376184   0.523556  -0.717673
 -0.455535   -0.25948   0.851717    1.15739
  0.456194  -0.889618 -0.0270336    2.98241
         0          0          0          1
11	18	53
-0.925894 0.0296129  0.376746   2.31666
-0.194229 -0.892506 -0.407188    4.6104
 0.324175 -0.450167  0.832079  0.188485
        0         0         0         1
9	16	53
-0.241316 -0.451341  0.859128   2.37384
 0.571201  0.649643  0.501731  -1.45193
-0.784562  0.611798  0.101035   2.67869
        0         0         0         1
12	21	53
  0.952008   0.231116  -0.250973   0.600003
 -0.196979   0.979738    0.15503   0.370744
   0.27857 -0.0970573   0.967315  -0.775156
         0          0          0          1
15	23	53
-0.255509   0.94677 -0.195815  0.924796
-0.609935 -0.314999 -0.727156   5.41348
-0.750131  -0.06636  0.657952  0.450092
        0        -0         0         1
12	24	53
 0.892274 -0.218331   0.39569 -0.580561
 0.223357  0.974346 0.0339505 -0.478376
-0.392876 0.0580753  0.917969  0.588978
        0         0         0         1
15	24	53
  0.994312  0.0476103  0.0957611  -0.435892
-0.0529632   0.997174  0.0541555   0.439355
-0.0929076 -0.0589171   0.993977  -0.725126
         0         -0          0          1
8	20	53
   0.99827  0.0380608 -0.0600714 -0.0762255
-0.0558791   0.942716  -0.331307   0.667636
 0.0439849   0.333824   0.942459   -1.02142
         0          0          0          1
8	21	53
 0.990494 0.0919037 -0.102777 -0.192904
-0.116051  0.958232 -0.261555  0.357578
 0.074443  0.270984  0.959746 -0.735363
        0         0         0         1
15	26	53
 0.175905 -0.706178  0.685835   1.07404
 0.902694 -0.162202 -0.398538   1.14322
 0.392683  0.689204  0.608931  -2.63385
       -0         0         0         1
8	22	53
 0.977032  0.127428 -0.171637 0.0394644
-0.161207  0.966585 -0.200035  0.364011
 0.140391  0.223077  0.964787 -0.831001
       -0         0         0         1
15	27	53
    0.944528    -0.202508    -0.258625     0.567239
   -0.252988    0.0537022    -0.965993      4.35025
    0.209508     0.977822 -0.000508842     -1.72119
          -0            0           -0            1
11	25	53
 0.983146 0.0665333 -0.170379   -1.1603
-0.0348409  0.982576  0.182653 -0.425491
 0.179559 -0.173635  0.968318   1.57688
        0         0         0         1
15	28	53
 0.817698   0.26786  -0.50953   1.09989
-0.248513  0.962672  0.107261  0.903888
 0.519241 0.0389177  0.853742  -2.12428
       -0         0         0         1
8	26	53
  0.989969 0.00743695  -0.142437   -1.80358
-0.0486896   0.956452  -0.288465  0.0994656
  0.134063   0.292451   0.947038  -0.450223
        -0          0          0          1
9	25	53
-0.485163 -0.51228 0.711514  3.79067
0.504637 0.501815 0.705399 -1.36986
-0.716955 0.699868 0.015023  2.54922
       0        0        0        1
8	27	53
  0.994571 -0.0868059   0.171065   -0.66785
  0.147063   0.925002  -0.385634   0.577443
 -0.123171   0.403492   0.920865  -0.713058
         0          0          0          1
11	28	53
  0.898713  -0.178562   0.401753  -0.363385
  0.191366   0.981979 0.00836504  -0.384477
 -0.395814  0.0693303   0.916241    1.02357
         0          0          0          1
10	28	53
  0.805998  -0.204609   0.555551  -0.456955
 0.0857945   0.968904   0.232374 -0.0454464
 -0.585782  -0.139621   0.798435     2.6865
         0          0          0          1
8	29	53
-0.337782  0.798478  0.498759 -0.892756
-0.152571 -0.569313  0.808103  0.405297
 0.929005  0.196825  0.314062  0.128933
        0         0         0         1
11	30	53
  0.917257    0.12543  -0.378181   0.614409
 -0.132071   0.991263 0.00843971 -0.0249098
  0.375914  0.0422034   0.925755   0.340029
         0          0          0          1
10	30	53
 0.970642 0.0981302 -0.222239  0.581526
-0.0416724   0.96901  0.245863  0.113051
 0.239339 -0.229249  0.944101   1.59315
        0         0         0         1
15	33	53
-0.528027  0.333616 -0.780953   4.09835
-0.690918 -0.703467  0.166636   3.87297
-0.493782  0.627562  0.601951  -1.01208
        0         0         0         1
10	31	53
  0.97387  0.115868 -0.195379  0.191134
-0.0689616  0.970346  0.231718  0.736745
 0.216432 -0.212187  0.952972   1.69116
        0         0         0         1
11	31	53
 0.907045  0.176764 -0.382774  0.594021
-0.170009  0.984336 0.0516984  0.606383
 0.385822  0.018178  0.922661  0.365554
        0         0         0         1
9	29	53
  0.171587   0.966243   0.193792  -0.512963
 0.0563976  -0.206012   0.977241  -0.197653
   0.98387  -0.156704 -0.0898144     1.4654
         0          0          0          1
15	34	53
-0.875381 -0.460072 -0.148466   5.08591
 0.277871 -0.227536 -0.933281   3.83866
 0.395594 -0.858231  0.327021  0.806599
        0         0        -0         1
10	33	53
  0.989516   0.132575 -0.0726358   0.428364
-0.0741656   0.844865   0.531692   0.101199
  0.131725  -0.520213   0.844998   0.764683
         0          0          0          1
15	36	53
 -0.38489 -0.316286 -0.867077   5.30522
 0.802331 -0.579015  -0.14494   1.91382
-0.456208 -0.751468  0.476624   1.81932
        0        -0         0         1
14	37	53
  0.987837 0.00129771  -0.157594   0.992842
 0.0601076   0.921583   0.384356   -1.77809
  0.145688  -0.389026   0.909996   0.479937
         0          0          0          1
14	38	53
  0.856781    0.42134  -0.297496  0.0512717
 -0.391219    0.90677   0.157547   0.659134
  0.336123 -0.0185961    0.94169  -0.695015
         0          0          0          1
8	37	53
-0.033448  0.913671  0.405409  -1.68505
-0.977771 0.0543568 -0.203174   2.83854
-0.207643 -0.403139  0.891422   1.68898
        0        -0         0         1
15	40	53
 0.500649 0.0919974  0.860884  -0.41521
 -0.85116  0.234312  0.469955   2.96465
-0.158462 -0.967919  0.195589   2.86663
        0        -0         0         1
15	42	53
 0.915039 -0.393765 0.0875364   1.64718
 0.124941 0.0703317 -0.989674    3.3458
