6	7	50
  0.96556 0.0585842 -0.254376 -0.139392
0.00957841  0.966099  0.258855 -0.834646
 0.260859 -0.252321  0.932058 0.0325252
        0         0         0         1
3	4	50
 0.724382  0.363596 -0.587662  0.143332
-0.389421  0.918086 0.0880137  0.701775
 0.570876  0.164904   0.80572 -0.553516
        0         0         0         1
2	3	50
 0.779354   0.33065 -0.533147  0.365567
-0.183797  0.933276  0.310131  0.249683
 0.599828 -0.143641  0.787743 0.0226508
        0         0         0         1
1	2	50
  0.979844  0.0226127   0.199128   -0.46619
-0.0387119   0.996382  0.0773405  -0.142835
 -0.196634 -0.0834799   0.977049   0.438488
         0         -0          0          1
4	5	50
  0.722687  -0.120693   0.680591 -0.0416111
  0.338053   0.920579   -0.19571  -0.409647
 -0.602902   0.371504   0.706074     1.3998
         0          0          0          1
5	6	50
  0.823893   0.109209  -0.572404   0.771833
 -0.183097   0.989577 -0.0747413   0.155828
  0.553216   0.164877   0.827731  -0.990943
        -0          0          0          1
2	4	50
 -0.909359 -0.0305122  -0.415845    3.34412
 -0.253515  -0.751661   0.609533    1.93124
 -0.331042   0.659446   0.675527   0.516479
         0          0          0          1
3	6	50
  0.833255 -0.0351738  -0.557905   0.514673
 -0.289365   0.829669  -0.484487    1.25149
  0.478292   0.563225    0.67884  -0.526219
         0          0          0          1
2	5	50
-0.630529  -0.76328 -0.140847    3.2774
 0.655742 -0.426771 -0.622791   2.07985
 0.415255 -0.485047  0.769606   1.11311
        0         0         0         1
6	9	50
 0.954646  -0.16391  0.248827  -0.88755
0.0129878  0.857246  0.514868 -0.716336
-0.297678 -0.488254  0.820442   1.28091
       -0        -0        -0         1
0	2	50
  0.754068 -0.0722215   0.655689  -0.816219
-0.0572555   0.984933   0.174333  -0.536306
 -0.657166  -0.168684   0.737186    1.88358
         0          0          0          1
1	5	50
 0.325123 -0.179669  0.928605 -0.419008
 0.916343 -0.183423 -0.356319  0.781397
 0.234312  0.966627  0.104989  0.102613
        0         0         0         1
1	6	50
  -0.610816 -0.00572298    0.791894    0.958082
   0.777379   -0.195069     0.59821    0.173278
   0.151033    0.980888    0.123587    0.259045
          0           0           0           1
4	9	50
 0.687559  0.407559 -0.601441   1.68129
-0.427732  0.896427  0.118475  0.175835
 0.587266  0.175747  0.790446 -0.734086
       -0         0         0         1
0	3	50
    1.00064  -0.0139591 -0.00916883   -0.234381
  0.0164845    0.913815    0.407716   -0.461459
 0.00268533    -0.40781    0.913918     1.38165
          0           0           0           1
4	10	50
  0.886139   0.278362  -0.371165    1.10926
 -0.259409   0.960709   0.101177  -0.142358
  0.384651 0.00662514   0.923304  -0.410665
        -0          0          0          1
4	11	50
-0.966425  0.117787 -0.228558   2.81744
-0.151805  0.456102  0.876935 -0.800544
 0.207529  0.882149 -0.422888  0.848006
       -0         0        -0         1
0	5	50
  0.999803 -0.0119957 -0.0168771   0.293793
 0.0122291   0.999848  0.0138131   0.268649
  0.016709 -0.0140159   0.999779   0.879365
         0          0          0          1
5	12	50
 -0.992028 -0.0932824  0.0857272    2.62604
-0.00569497   0.708868    0.70544  -0.954428
 -0.126564   0.699267  -0.703688     1.3939
         0          0          0          1
4	12	50
 0.675945  0.415266 -0.618616  0.810784
-0.389102  0.909056  0.185071   0.27051
 0.635399  0.114917  0.771425  -1.22124
       -0         0         0         1
3	12	50
 0.924779    0.3329  0.185555  -1.75415
  0.21673 -0.058775 -0.974702   2.70801
-0.313498  0.941379 -0.126473   1.21209
       -0         0        -0         1
4	13	50
 0.523699 -0.406658  0.751057  0.209712
 0.395012  0.896442  0.209942  -1.26317
-0.757247  0.186384  0.628932   1.41533
       -0        -0         0         1
5	14	50
-0.605046  0.405249 -0.685459   1.90374
-0.776569 -0.490711  0.395355   2.81347
 -0.17613  0.771452  0.611557 -0.714431
        0         0         0         1
4	14	50
-0.279145  0.946384  0.167702 -0.305541
-0.950232 -0.297968 0.0998107   2.82213
 0.144307 -0.131384  0.981633  0.786528
        0         0         0         1
3	14	50
 0.264753 -0.533288  0.804178  0.607247
  0.49792  0.789803  0.359829  -1.34876
-0.826542  0.304969  0.474355   1.82859
       -0        -0         0         1
5	15	50
 0.941981 -0.163412  0.293201 -0.269471
0.0204295  0.899788  0.435849  -1.11842
-0.335042 -0.404572  0.850922   1.20473
       -0        -0        -0         1
3	15	50
 0.909579 -0.223617  0.350307 -0.442273
 0.227708  0.973293 0.0300496 -0.899767
-0.347662 0.0524339  0.936182  0.935734
        0         0         0         1
2	15	50
-0.327821  0.899946  0.287635 -0.649065
-0.821521 -0.121148  -0.55725   3.42565
-0.466625 -0.418956  0.778999   2.04368
        0         0         0         1
4	16	50
  0.34399  0.456006 -0.821362   1.02156
-0.485802  0.835007  0.260125 -0.145552
 0.804097  0.309399  0.508533 -0.696789
       -0         0         0         1
6	16	50
   0.97042 -0.0712655   0.231028   0.143484
-0.0630569   0.847971    0.52644  -0.783858
 -0.233402  -0.525392   0.818325    1.20575
        -0         -0         -0          1
3	17	50
 0.465333  0.359465 -0.809893    1.0047
-0.514895   0.85418 0.0832822   1.05629
 0.721127   0.37794  0.582077  -1.21414
       -0         0         0         1
4	18	50
 0.400768  0.384632 -0.831692   1.31397
-0.465623   0.86731  0.176734  0.547504
 0.789206  0.316383  0.526613  -1.17758
       -0         0         0         1
6	18	50
  0.996735 0.00771515 -0.0803715  -0.250916
 0.0313484   0.880357   0.473275  -0.623134
 0.0744074  -0.474248   0.877241   0.547256
         0          0          0          1
7	19	50
 0.943459 -0.146589  0.341171 -0.436561
0.0558122  0.976953  0.265424  0.016982
-0.367112 -0.228201  0.917145  0.946055
       -0        -0        -0         1
6	19	50
 0.966882 -0.118167  0.237121 -0.844944
-0.0315623  0.839513  0.547058 -0.602047
-0.263046 -0.535076  0.805948  0.882699
       -0        -0        -0         1
4	19	50
 0.670518  0.368634 -0.643948  0.688684
-0.370559  0.918305  0.139844  0.481666
 0.642843  0.144841  0.752282  -1.16921
       -0         0         0         1
0	16	50
-0.718279 0.0255836  0.695406  0.928671
 0.581505 -0.526877  0.620016  0.871784
 0.382223  0.849656  0.363537 -0.217631
        0         0         0         1
4	20	50
 0.892042  0.280918 -0.354047   1.31777
-0.265679   0.95966 0.0920469  0.161169
 0.365622 0.0119537  0.930689 -0.546436
       -0         0         0         1
5	21	50
 0.962499 -0.127572  0.283517 -0.350433
0.0289157  0.955125  0.331605 -0.555596
-0.309548 -0.307445  0.912534  0.519636
       -0        -0        -0         1
4	21	50
 0.286548 -0.463732  0.838478  0.159427
 0.456592    0.8355  0.306047 -0.903573
-0.842387  0.295116  0.451102   1.30339
       -0        -0         0         1
7	21	50
   0.99738 -0.0286511  0.0665104  -0.202811
0.00422412   0.939867    0.34153  0.0580994
-0.0722962  -0.340352   0.937521   0.507148
        -0         -0         -0          1
0	18	50
-0.631827 0.0693475  0.775539   1.35954
  0.67462 -0.449942  0.589842 -0.134227
 0.388788   0.89343  0.236855 -0.288936
        0         0         0         1
6	23	50
-0.408809 -0.328267  0.851641  0.852943
-0.0761127  0.942176  0.326629 -0.480365
-0.909538 0.0687022 -0.410119   3.43142
        0         0         0         1
4	23	50
-0.562118 -0.394408  0.726957   1.60438
 0.349144  0.683643  0.640884  -1.56739
-0.749747  0.614064 -0.246582   2.32929
        0         0         0         1
5	24	50
-0.394066  0.306306 -0.866539   3.12225
-0.146047  0.909981  0.388079 -0.689917
 0.907404  0.279484 -0.313858 -0.224854
       -0         0        -0         1
7	24	50
  0.733422  -0.189386   0.656338  -0.664583
 0.0890786   0.981279   0.183607  -0.258684
 -0.677282 -0.0760223    0.73489    1.52751
        -0         -0         -0          1
4	24	50
   1.01241   0.060656 -0.0666011  -0.534061
-0.0697094    1.00349  -0.145745  -0.240958
 0.0570573   0.149739     1.0037  -0.273992
        -0          0          0          1
6	24	50
 0.673454 -0.284314  0.682391 -0.933818
-0.0256858  0.913542  0.405971 -0.790793
-0.738804 -0.290926  0.607916   2.21179
       -0        -0        -0         1
5	25	50
  0.544592  -0.362003   0.756557  -0.946123
  0.156872   0.930103   0.332122   -1.14287
 -0.823903 -0.0621882   0.563313    2.24098
        -0         -0         -0          1
5	26	50
  0.14046  0.362528 -0.921526   2.21093
-0.239207  0.915609   0.32374 -0.324092
 0.960946  0.174931  0.215286 -0.844937
       -0         0         0         1
4	26	50
-0.708781  0.280475  -0.64728    3.3539
 -0.35175  0.654845  0.668924 -0.725999
 0.611482  0.701798 -0.365483  0.697609
        0         0         0         1
7	26	50
 0.578173   0.33628 -0.743427   1.56963
 -0.23569  0.941137  0.242413 -0.372719
 0.781165 0.0350608   0.62338  -1.00993
        0         0         0         1
5	27	50
    0.788705     0.160776    -0.593888     0.368785
   -0.159546     0.985963    0.0550356 -0.000297832
    0.594219      0.05133     0.803042     -1.46021
          -0            0            0            1
7	27	50
  0.992469 0.00838233   0.122327  -0.316085
-0.0302148   0.983628   0.177739   0.139068
 -0.118832  -0.180094    0.97646   0.151903
         0         -0          0          1
1	27	50
 0.168153  0.982496 0.0821992 -0.120966
-0.716287 0.0644399  0.695063   1.39003
 0.677487 -0.175726  0.714467 -0.487814
        0         0         0         1
0	25	50
-0.954039  0.100864 -0.283073    3.5998
-0.0693278  0.842925  0.534007   -0.5981
   0.2924  0.528958 -0.796994   2.16389
        0         0         0         1
4	28	50
-0.656096  -0.46349  0.596258   2.95602
 0.755213 -0.403395  0.517432  0.470315
0.000703204  0.789467  0.614451 -0.230965
       -0         0         0         1
3	28	50
 0.958522   0.15794 -0.238893  -1.11225
-0.261708  0.821948 -0.506644  0.274041
 0.116292  0.547936  0.828867  0.124748
       -0         0         0         1
5	29	50
 -0.997143  0.0840361 -0.0049198    2.74891
-0.0526865  -0.577413   0.815597    1.42266
 0.0656534   0.812966   0.579791  -0.705387
         0          0          0          1
7	29	50
  0.582216   0.696009   0.420454   -1.09037
 -0.273166  -0.319653   0.907407    1.02725
  0.765892  -0.643102 0.00401944     1.4027
         0          0          0          1
6	29	50
-0.798853  0.557701  0.226135   1.52069
-0.0173655 -0.397031  0.917822     1.105
 0.601552  0.729156    0.3268 -0.956546
        0         0         0         1
4	29	50
-0.455977  0.737703  0.498726  0.671154
-0.161796 -0.619619  0.768598   1.73562
 0.875645  0.269657  0.401718  -0.58241
        0         0         0         1
3	29	50
 0.886678 0.0520327  0.459967 -0.971311
-0.00452705  0.994825 -0.103813  0.107672
-0.462879 0.0899448  0.882116   1.55619
        0         0         0         1
2	29	50
 -0.175189   0.968834   0.176271  -0.336732
 -0.891741 -0.0801298  -0.445846    3.44712
 -0.417743  -0.235249    0.87781    1.86029
         0          0          0          1
1	29	50
 0.203502 -0.451858  0.869112  0.336935
  0.95212 -0.117377 -0.283963  0.445545
 0.230216  0.884868  0.406145 -0.291255
        0         0         0         1
5	30	50
-0.0258888 -0.956162 -0.293073    3.3046
 0.904419 -0.147504  0.401345 -0.217897
-0.426808 -0.254567  0.868239   1.27198
       -0        -0        -0         1
4	30	50
 -0.515659   0.856481 -0.0360549   0.675165
 -0.798323  -0.464465    0.38434    2.76478
  0.312315   0.226885   0.922902 0.00311055
         0          0          0          1
0	27	50
 0.876247  0.290983 -0.384294  0.459225
-0.167131  0.931249  0.324044 -0.367215
 0.452128 -0.219697  0.864567  -0.24238
        0         0         0         1
3	30	50
  0.592761  -0.127875   0.795757  -0.206047
  0.330975   0.939289 -0.0956035  -0.706029
 -0.734872   0.319894   0.598814    1.66134
         0          0          0          1
1	30	50
 0.313625 -0.936222  -0.16567   2.10319
 0.899531  0.235691  0.370962  -0.33074
  -0.3079 -0.265061  0.915019   1.98949
        0         0         0         1
2	30	50
-0.298773  0.940756 -0.161902 0.0976373
-0.508359 -0.300393 -0.807363   2.97967
-0.807964 -0.158875   0.56785   2.55174
        0         0         0         1
5	31	50
  0.994189 0.00513928   -0.10847  -0.024756
0.00641153   0.994462    0.10588  -0.526879
  0.108402   -0.10595   0.988549 -0.0103667
         0          0          0          1
7	31	50
  0.709731  -0.149744   0.690758   0.250409
-0.00106406   0.978678   0.213253 -0.0847244
 -0.706802  -0.151838     0.6933    1.71662
         0          0          0          1
4	31	50
  0.738611   0.371424  -0.562848   0.269945
 -0.487886   0.870601 -0.0657309    0.41898
  0.465532   0.323107   0.824124  -0.546687
         0          0          0          1
0	28	50
 0.984591   0.12464 -0.122893  0.954248
-0.146621  0.970779 -0.190117   -0.1494
 0.095603  0.205201  0.974068  0.234017
        0         0         0         1
1	31	50
 0.627451  0.777394 0.0490423 -0.303391
-0.775377  0.617328   0.13467   1.19931
0.0743998 -0.122497  0.989899   0.68201
        0         0         0         1
0	29	50
  0.438267     0.4002  -0.805694   0.601426
 -0.158896   0.916565   0.368837  0.0873334
  0.885469 -0.0336046    0.46497   0.192687
         0          0          0          1
0	30	50
 0.264766  0.859367  0.440577  -1.08617
-0.698529 -0.145028  0.702669   2.18128
 0.666841 -0.493129  0.561132   1.62699
        0         0         0         1
5	33	50
 -0.93833 -0.251719  0.244077   2.09629
 0.349581 -0.617933  0.706649  0.503025
-0.0270077  0.747125  0.666689 -0.916836
        0         0         0         1
4	33	50
 0.611575  0.442781 -0.655751    1.4734
-0.398327  0.888407  0.228384 0.0627898
 0.683667  0.121524  0.719667 -0.243102
       -0         0         0         1
0	31	50
-0.931632 -0.289819  0.229658   2.65293
 0.344389 -0.453343  0.824956  0.929598
 -0.13466  0.845672  0.520943 0.0588919
        0         0         0         1
1	34	50
 0.887922 0.0848586  0.452568 -0.558229
-0.196807  0.958698  0.206368  0.423302
-0.416275 -0.272249  0.867765   1.64178
        0         0         0         1
2	34	50
  0.828308   0.411657   0.380314  -0.650422
 -0.406388   0.908507 -0.0982833    1.12102
 -0.385938 -0.0731389   0.919727     1.3236
         0          0          0          1
0	32	50
  0.883762   0.154396   -0.44384   0.910634
 -0.112301   0.987366   0.119858  0.0662407
  0.456311 -0.0560308   0.889105  -0.383725
         0          0          0          1
4	35	50
  -0.546465    0.837636 -0.00596173    0.353329
  -0.768087   -0.498226    0.402625     2.60481
   0.334234    0.224567    0.915506   -0.183713
          0           0           0           1
3	35	50
  0.616638  -0.130869   0.776487  -0.236356
  0.307098   0.948115 -0.0840826  -0.636737
 -0.725085   0.290261   0.624739    1.46438
         0          0          0          1
2	35	50
 0.944091 -0.125925  0.304699 0.0314891
 0.127429  0.991737 0.0150287 -0.285699
-0.304073 0.0246388  0.952333   1.26666
        0         0         0         1
1	35	50
  0.858517 -0.0750374   0.507508  -0.386888
 0.0216641   0.993787   0.110288  -0.242497
 -0.512567  -0.083679   0.854703    1.77703
         0          0          0          1
0	33	50
  0.999944 -0.0130626  0.0051108   0.330078
0.00996647   0.918024   0.396509  -0.135269
-0.00987071  -0.396418   0.918063    1.04658
         0          0          0          1
3	36	50
-0.368038   0.58528  0.722493 -0.323381
-0.823019  0.156504 -0.546028   2.51663
-0.432652 -0.795584  0.424097    3.2486
        0         0         0         1
6	36	50
  0.472212  -0.192284   0.863702 -0.0149615
 -0.354445   0.855917   0.384336  -0.365161
 -0.810755  -0.486182   0.335028    3.29376
         0          0          0          1
1	36	50
 0.837945  0.418086  0.351357 -0.836256
-0.458881  0.887916 0.0378309  0.425145
  -0.2961 -0.192893   0.93569     1.669
        0         0         0         1
2	36	50
 0.209846   0.93715  0.280354 -0.652359
-0.892422  0.300824 -0.337595   2.65261
-0.400537 -0.179272  0.899063    1.9018
        0         0         0         1
0	35	50
 0.405922 -0.743905  0.532181    1.4705
 0.603829  0.655275    0.4554  -1.79361
-0.687024  0.136395  0.714687   1.90025
        0         0         0         1
5	38	50
 0.230535 -0.831324 -0.507077   3.43683
 0.546506  0.541746 -0.639702  0.765464
 0.805952 -0.129557  0.578817 -0.879823
        0         0         0         1
7	38	50
 0.347125 -0.539637  0.769493  0.461958
-0.336853 -0.837237 -0.435188   3.94551
 0.877414 -0.107935 -0.471504   1.69327
        0         0         0         1
6	38	50
  0.997673 -0.0662671  0.0209096  0.0664456
  0.034977   0.738946    0.67299   -1.09742
-0.0600427  -0.670632   0.739477    1.18527
        -0         -0         -0          1
2	38	50
  0.26241  0.963196 0.0655646 0.0366566
-0.761876  0.164877  0.627109   1.01065
 0.592951 -0.214415   0.77675 0.0770908
        0         0         0         1
4	39	50
0.201369  -0.7313 0.651925 0.568947
0.505835 0.647588 0.570191 -1.09136
-0.83901 0.214909 0.500233  1.75549
       0        0        0        1
0	38	50
-0.635325 -0.399015  0.662428   1.58573
 0.741458 -0.557858  0.375094  0.749634
  0.21969  0.728863  0.649735 -0.354565
        0         0         0         1
5	40	50
-0.861991  0.446977 -0.240127   2.87985
-0.504407 -0.703576  0.501032   2.03436
0.0549892  0.552874  0.831736 -0.860901
       -0         0         0         1
3	40	50
  -0.852774    0.522841 -0.00949439     2.01813
  -0.519698   -0.845351    0.126381     2.90715
  0.0580312     0.11267    0.992278  -0.0368999
          0           0           0           1
1	40	50
-0.0691277  0.814842   0.57602 -0.742858
-0.698656  0.372746 -0.611134   3.34997
-0.712493 -0.444565   0.54338   2.62974
        0         0         0         1
2	40	50
 0.309666 -0.642496  -0.70115   2.29385
 0.949519  0.167662  0.265722 -0.951392
-0.053161 -0.747926   0.66188   1.39677
        0         0         0         1
4	41	50
-0.201602  0.971208  0.127104  0.556744
-0.966072 -0.175753 -0.189369   3.04196
-0.161574 -0.160966  0.973667  0.302671
       -0        -0         0         1
1	41	50
-0.740326 -0.459606  0.490739   1.69128
 0.665793 -0.602868   0.43979  0.549167
0.0937144  0.652271  0.752266 -0.246935
        0         0         0         1
2	41	50
-0.809403 -0.532466  0.248042   2.30556
 0.587287 -0.725101  0.359861  0.977416
-0.0117578  0.436906   0.89953 -0.119297
        0         0         0         1
5	42	50
  0.913048   0.243216  -0.328568   -0.20131
-0.0900173   0.903947   0.418981  -0.320482
  0.398757  -0.352838   0.846915 -0.0234552
         0          0          0          1
6	42	50
-0.633929  0.703854  0.320725  0.738169
-0.186313 -0.541423  0.819933   1.07566
 0.750709  0.459991  0.474327 -0.723395
       -0         0         0         1
1	42	50
  0.327548  -0.614645   0.717647   0.200591
  0.903513 -0.0185504  -0.428268   0.996899
  0.276532   0.788645   0.549239  -0.267127
         0          0          0          1
0	42	50
  0.66948 -0.407541  0.622292 -0.373165
0.0814806  0.872347  0.483644 -0.309949
-0.739391 -0.272875  0.616751   2.61982
        0         0         0         1
5	43	50
 -0.195498   0.967042   0.164044  0.0794903
 -0.891751  -0.244895   0.380931    2.07738
  0.408489 -0.0718051     0.9101  -0.200137
         0          0          0          1
1	43	50
  0.49932 -0.223436  0.837298  -0.22417
 0.126347  0.974785  0.184779 -0.197248
-0.857338 0.0135238   0.51488   2.10037
        0         0         0         1
2	43	50
  0.683247  -0.206693   0.700622  -0.135199
  0.147666   0.978611   0.144699  0.0381636
 -0.715394 0.00459215   0.699007    1.75108
         0          0          0          1
5	44	50
-0.480363  0.463435 -0.744722   2.54615
-0.876439 -0.287641  0.386327   2.99377
-0.0351721  0.838226  0.544309 -0.497582
        0         0         0         1
4	44	50
 -0.295618   0.949117  -0.163473    1.25282
 -0.961478  -0.280939   0.107576     3.4518
 0.0557618   0.187581   0.988252 -0.0646819
         0          0          0          1
6	44	50
-0.916028  0.395098 0.0767377   2.30424
-0.354256 -0.700936 -0.619911    3.4587
-0.191032 -0.594714  0.781613   1.96437
        0         0         0         1
0	43	50
0.0714534 -0.638248  0.780156   0.72892
 0.220061  0.773125   0.61234 -0.831802
-0.983655  0.126599  0.193662   2.96262
        0         0         0         1
1	44	50
-0.301714 -0.609384 -0.733226   3.88852
 0.619781 -0.709755  0.334842  0.364538
-0.724457 -0.353413  0.591828   2.93634
        0         0         0         1
2	44	50
 0.646375  0.129929  0.751886  -1.03474
 0.100754  0.962241 -0.252894  0.183214
-0.756347  0.239219  0.608873   2.25359
        0         0         0         1
5	45	50
-0.0032634  0.0634433  -0.998012    2.40263
 -0.168278   0.983751  0.0630866  -0.203766
  0.985766   0.168144 0.00746562   -1.30715
        -0          0          0          1
0	44	50
-0.523538  0.437788 -0.730976   3.08805
-0.851505 -0.299442  0.430524   3.15283
-0.0304053  0.847793  0.529528  0.265218
        0         0         0         1
2	45	50
  0.341124 0.00735729   0.940036  -0.843323
  0.373559   0.916606  -0.142732  -0.356962
 -0.862656    0.39983   0.309915    2.24994
         0          0          0          1
5	47	50
  -0.0157165    0.0716024    -0.997724      2.95074
   -0.200986     0.977271    0.0733003   -0.0708064
     0.97989     0.201597 -0.000967333    -0.107284
          -0            0           -0            1
6	47	50
  0.571849  0.0873651  -0.816269    2.03613
 0.0141212   0.993593   0.116237  -0.286364
  0.820809 -0.0779601   0.566686  -0.415712
         0          0          0          1
4	47	50
 0.663197 0.0876441 -0.743377   1.95013
-0.380521  0.894748 -0.233988  0.782437
 0.644588  0.438025  0.626706  -1.01924
        0         0         0         1
4	48	50
-0.418976 -0.847729  0.325307   1.97094
 0.900835 -0.343146  0.266003   1.12085
 -0.11387  0.404494  0.907429 -0.697203
        0         0         0         1
1	48	50
 0.634942  0.367013 -0.682626   1.35198
-0.386201  0.914917  0.132681 0.0924277
 0.671956  0.179043  0.721281  0.195019
        0         0         0         1
0	48	50
 0.897268 -0.304632 -0.319712   1.81007
 0.212175  0.932358 -0.292914 -0.393061
 0.387297  0.194978  0.901162   0.21661
        0         0         0         1
4	49	50
  -0.58965  -0.796269   0.148776    2.87945
  0.729861  -0.442415   0.524822   0.909919
 -0.351401   0.417241   0.840413 -0.0355579
         0          0          0          1
3	49	50
    0.99833 0.000768641  -0.0585406    0.478803
 -0.0253009     0.90743   -0.419546    0.586855
  0.0527971    0.420308    0.905893    0.080731
          0           0           0           1
2	49	50
  0.757205    0.37778  -0.532846   0.740255
 -0.441036    0.89744 0.00953495   0.499988
  0.481799   0.227784    0.84616   0.221237
         0          0          0          1
1	49	50
  0.896226   0.136877  -0.422645    1.06253
 -0.126788   0.990859  0.0520386  -0.123257
   0.42578 0.00694658   0.905123   0.446731
         0          0          0          1
0	49	50
 0.747559 -0.664285 0.0132517   2.20001
  0.61753  0.687306 -0.382833  0.119073
 0.245166  0.294331  0.923881  0.225379
        0         0         0         1
8	9	50
  0.999953 -0.0158836 0.00861712 -0.0613032
 0.0159828   0.999921 -0.0115539   0.098474
-0.00843281  0.0116905    1.00001 -0.0437238
         0          0          0          1
11	12	50
   1.00014 0.00508855 -0.0111073  -0.147189
-0.00495175    1.00013  0.0122781 -0.0246333
 0.0111692 -0.0122223    1.00008  -0.105219
         0          0          0          1
10	11	50
  0.88936 -0.231585  0.396107  0.114528
 0.228087  0.972762 0.0566155 -0.351267
-0.398133 0.0399655  0.917272  0.627319
        0         0         0         1
14	15	50
 0.640755  0.470612 -0.606988  0.153058
-0.449014  0.870852  0.201199  0.796706
 0.623135  0.143593  0.769131  -1.28062
        0         0         0         1
11	13	50
       1        0       -0 0.010834
       0        1        0 -0.25977
       0        0        1 0.062687
       0        0        0        1
13	16	50
-0.470738  0.416651 -0.777912   2.15194
 -0.43967  0.653714  0.616188 -0.178154
 0.765138   0.63198 -0.124517  0.221819
       -0         0        -0         1
12	15	50
 0.741882  0.533087  0.407425 -0.907884
-0.421223 -0.102738  0.901433  0.990338
 0.522253 -0.840137  0.148286   2.49731
        0         0         0         1
8	12	50
  0.940895  -0.196535   0.276359  -0.526578
   0.17318   0.979231   0.106776  -0.522637
 -0.291563 -0.0525982   0.955254   0.617457
        -0         -0         -0          1
10	14	50
 0.670837 -0.436152  0.599797 -0.370631
  0.43504   0.88644  0.158021  -1.29095
-0.600603   0.15493  0.784398   1.63442
        0         0         0         1
8	14	50
  0.150566   0.706972    0.69107  -0.796815
 -0.957456 -0.0698771    0.28009    1.84501
  0.246298  -0.703822   0.666354    1.57038
         0          0          0          1
12	18	50
  0.940714   0.156757  -0.301529    0.31486
 -0.177632   0.983381 -0.0429432   0.513034
  0.289722  0.0939381   0.952718  -0.392426
         0          0          0          1
8	16	50
 0.986954 0.0710339 -0.144485   1.20558
-0.0472002  0.985636  0.162157 -0.512894
 0.153928 -0.153222  0.976129  0.297409
        0         0         0         1
12	19	50
 0.390609  0.444396 -0.807249   1.81744
-0.503039  0.837444  0.217609  0.535752
 0.772069  0.320802   0.55019 -0.410883
        0         0         0         1
10	17	50
  0.996655 -0.0478601  0.0668938   0.132594
 0.0532026   0.995376 -0.0805133   0.131993
-0.0627284  0.0837989    0.99455  0.0888672
         0          0          0          1
11	20	50
 0.637855  0.428601  -0.64183    1.1783
-0.427549  0.889452  0.169057  0.505469
 0.642531  0.166371  0.749651 -0.512103
        0         0         0         1
8	18	50
        1         0         0  0.025555
       -0         1         0   0.22031
       -0         0         1 -0.326942
       -0         0         0         1
10	19	50
  0.940421    0.19482  -0.280993    0.66638
 -0.217887   0.975198 -0.0530884    0.45361
  0.263509   0.111077    0.95892  -0.280064
         0          0          0          1
8	19	50
  0.997998  0.0448096 -0.0459021 -0.0559967
-0.0420715    0.99743  0.0589892 -0.0643165
 0.0484248 -0.0569363   0.997261   0.236945
         0          0          0          1
13	21	50
 0.269577   0.47209 -0.839703   2.14216
-0.455817  0.830683  0.320685  0.575458
 0.848647  0.296206  0.438979 -0.560282
       -0         0         0         1
11	21	50
  0.92926  0.159022 -0.334124  0.515188
-0.179995  0.983357 -0.032582  0.382959
 0.323309 0.0903981  0.942204 -0.277941
       -0         0         0         1
9	19	50
  0.999039  0.0210433 -0.0417306   0.387094
-0.0190282   0.998792   0.048123   0.177956
 0.0426867 -0.0472762   0.998102  -0.163839
         0          0          0          1
12	21	50
 0.713466  0.331315  -0.61942    1.0665
-0.351717   0.93273 0.0937793  0.719088
 0.608067  0.150765  0.781031 -0.781381
        0         0         0         1
10	20	50
    1.00005    0.126932   -0.062209   0.0438629
   -0.12637     1.00197   0.0129647    0.382328
  0.0633443 -0.00505316     1.00799   -0.238502
          0           0           0           1
9	20	50
  0.951889  -0.176431   0.250753  -0.118319
  0.149449   0.981138   0.123006 -0.0923864
 -0.267712 -0.0796093   0.960255   0.312821
         0          0          0          1
8	21	50
 0.724382 -0.375064  0.578454  -0.59562
 0.309741   0.92667  0.212965 -0.584792
-0.615908 0.0249027  0.787432   1.27114
       -0        -0         0         1
13	22	50
   0.93403   0.166381  -0.316479   0.544957
 -0.182161   0.983179 -0.0207338   0.574782
  0.307667  0.0770059   0.948507  -0.590302
        -0          0          0          1
10	21	50
  0.998909 -0.0331774  0.0427592  -0.107841
 0.0353409   0.998453 -0.0509091   0.174473
-0.0409895  0.0523451   0.998162  0.0527939
         0          0          0          1
9	21	50
  0.924934  -0.203885   0.321924  -0.375684
  0.187092   0.979223  0.0826335  -0.323476
 -0.331965 -0.0161957   0.943528   0.738079
        -0         -0         -0          1
11	23	50
  0.980007 -0.0716711   0.186109  -0.627836
  0.107027   0.976508  -0.187523  -0.193375
 -0.168281   0.203673   0.964565   0.351138
         0          0          0          1
12	23	50
 0.969514 0.0721932 -0.235954  -0.10997
-0.112075  0.981112  -0.16032  0.372467
  0.21983    0.1818  0.958888 -0.458313
        0         0         0         1
10	22	50
  0.853243  -0.203974   0.480112  -0.470017
  0.257831   0.965057 -0.0482078  -0.336267
 -0.453471   0.164909    0.87596   0.832067
         0          0          0          1
8	23	50
   1.00185  -0.020307  0.0477972 -0.0594062
 0.0188367    1.00253  0.0311099  -0.181896
-0.0483951 -0.0301705    1.00157    -0.1149
         0          0          0          1
9	22	50
 0.624068 -0.341577  0.702877  -0.58129
 0.360083  0.924005  0.129329 -0.772988
-0.693579  0.172369  0.699579   1.53548
       -0        -0         0         1
13	24	50
 0.959816  0.113399 -0.257397 0.0703994
-0.146389  0.982954 -0.112826  0.239366
 0.240171  0.145947  0.959883 -0.302554
        0         0         0         1
11	24	50
 0.785254 -0.192188  0.588813 -0.676596
 0.332333  0.933054 -0.138658 -0.603572
-0.522678  0.304524   0.79645  0.892619
        0         0         0         1
12	24	50
  0.986039 -0.0893097   0.140977  -0.348397
  0.110858    0.98201  -0.153267   -0.14916
 -0.124744   0.166745   0.978141    0.13523
         0          0          0          1
8	24	50
-0.146293 -0.403599  0.903164  0.595986
 0.426846   0.79787  0.425685  -1.31353
-0.892414  0.447786 0.0555516   2.10455
       -0        -0         0         1
13	25	50
  0.940715   0.161289  -0.298584   0.558138
  -0.18013   0.983022 -0.0365051   0.477462
  0.287611  0.0881197   0.953743  -0.689191
         0          0          0          1
11	25	50
 0.949037  0.141059 -0.282101  0.623297
 -0.16559  0.984128 -0.064979  0.358105
 0.268437  0.108372  0.957261 -0.755741
        0         0         0         1
10	24	50
 0.502303 -0.299974  0.810992  0.254478
 0.485007  0.874209  0.022959 -0.791944
-0.715863  0.381804  0.584608   1.22182
        0         0         0         1
8	25	50
-0.979267 0.0768714 -0.187618    2.9966
-0.0977576  0.631704  0.769068 -0.933111
 0.177632  0.771436 -0.611069   1.61673
        0         0         0         1
12	25	50
  0.947311   0.179618  -0.265834   0.253905
 -0.203889     0.9769 -0.0664978   0.290751
  0.247708   0.117175   0.961893  -0.431685
         0          0          0          1
15	26	50
 0.945665 0.0837965  -0.31425   0.73685
-0.290558 -0.216446 -0.932087   4.42358
-0.146119  0.972722 -0.180333  0.538079
        0         0         0         1
13	26	50
 0.417745   0.36179 -0.833671     2.151
 -0.47521  0.869055  0.139023  0.719435
 0.774645  0.338024  0.534861 -0.861365
        0         0         0         1
14	26	50
  0.550556  -0.645372   -0.53051    2.47254
 -0.705369 -0.0186443   -0.70934     4.4405
  0.447661   0.764333  -0.465243    0.20709
         0          0          0          1
12	26	50
 -0.56538 -0.312809  0.769342   1.69066
 0.450816  0.666049  0.602109  -1.36399
-0.697497  0.684048 -0.234454   2.45273
        0         0         0         1
9	25	50
-0.964253 0.0891073 -0.250019   2.73927
-0.153127  0.582733  0.798253 -0.851813
 0.216799  0.807908 -0.548193   1.37269
        0         0         0         1
12	27	50
 -0.258963  -0.963328  0.0702681    3.65124
  0.965794   -0.25724  0.0327093 -0.0569284
-0.0134345   0.076336   0.996991  0.0330368
         0          0          0          1
15	28	50
 0.654278  0.448699 -0.613028  0.162191
-0.697111  0.676162 -0.249109   1.69057
 0.301945  0.588802   0.75323 -0.748389
       -0         0         0         1
14	28	50
-0.715943 -0.577688 -0.392049   3.55645
 0.624206 -0.278126 -0.730078   2.28906
 0.312718 -0.767413  0.559718   1.63471
        0         0         0         1
12	28	50
 0.428464   0.80381 -0.413183  0.240504
 0.179952  0.372233  0.910753 -0.221637
  0.88569 -0.464483 0.0148383    1.6705
        0         0         0         1
10	28	50
-0.748641 -0.305314  0.588542   2.24922
 0.657236 -0.458753  0.598037   1.12169
0.0874032  0.834501  0.544087 -0.553459
        0         0         0         1
15	29	50
  0.958872   0.147525  -0.243289 -0.0183158
 -0.178657   0.977804  -0.111219   0.736937
  0.221437   0.150082   0.963758  -0.044247
         0          0          0          1
8	29	50
 0.380676   0.83662  0.393928 -0.837547
-0.418668 -0.223908  0.880119  0.806446
 0.824518 -0.499958  0.265026   0.61593
        0         0         0         1
14	29	50
   0.62798   0.486963  -0.607223  0.0271961
 -0.634535   0.772145 -0.0370048    1.92078
  0.450797     0.4085   0.793802   -1.20443
         0          0          0          1
11	29	50
  -1.00087  0.0118094  0.0289079    3.23203
 0.0043469  -0.865279   0.503981    2.24361
 0.0309225   0.503861   0.864807 0.00801212
         0          0          0          1
12	29	50
  0.975193   0.173357   0.139557 -0.0322586
 -0.156898  0.0906895   0.983712   0.586462
  0.157835  -0.980945   0.115609    2.98276
         0          0          0          1
10	29	50
  -0.298835    0.871879    0.388642   -0.299997
  -0.543292   -0.490194    0.681953     2.30681
   0.784888 -0.00735285    0.620011  -0.0139856
          0           0           0           1
9	29	50
0.0654004  0.927936  0.368191  -1.34274
-0.517186 -0.284113  0.807901   1.68656
 0.853901  -0.24315  0.461126  0.591614
        0         0         0         1
15	30	50
   0.87084 -0.0233113   0.492313  -0.149593
  0.168719   0.953229  -0.253306   0.208766
 -0.463087   0.303459   0.833511   0.769867
         0          0          0          1
13	30	50
  0.844041 -0.0454211   0.534445  0.0281172
 -0.512573   0.225215   0.828641    1.20493
 -0.157994  -0.973301   0.166801    3.63616
         0          0          0          1
8	30	50
-0.542895 -0.601606 -0.586331    3.3778
-0.229275 -0.565501  0.792523   1.38298
-0.808176  0.564561  0.169036    1.3106
        0         0         0         1
14	30	50
 0.931453  0.207671  -0.29902 -0.206818
-0.300799  0.901721 -0.310748   1.18029
 0.205085  0.379364  0.902313 -0.669438
        0         0         0         1
12	30	50
-0.369606 -0.771125 -0.519087   3.67518
-0.0409735 -0.544558  0.838136    1.7848
-0.928658  0.330934  0.169617   2.39842
        0         0         0         1
10	30	50
-0.135624  0.970126  0.201996 -0.831147
-0.903592 -0.204765  0.376738   2.69254
 0.406777 -0.131405  0.904216  0.739391
        0         0         0         1
9	30	50
  0.144774   0.929784   0.355069   -1.59455
 -0.890871 -0.0389196   0.465153    2.19292
  0.443759  -0.381469   0.817981    1.42166
         0          0          0          1
15	31	50
 0.877363  0.194488 -0.445522 -0.233742
-0.312563  0.929747 -0.209658  0.974103
 0.372316  0.322222  0.873861 -0.724443
        0         0         0         1
11	31	50
  -0.529807   -0.848109 -0.00385456     3.98926
   0.665667   -0.418644    0.617756    0.630181
  -0.525539    0.324725     0.78636    0.740611
          0           0           0           1
14	31	50
 -0.593507  -0.247839   -0.76572    3.28005
  0.796991 -0.0485236  -0.602039    2.01395
  0.112053  -0.967586   0.226325    2.19804
         0          0          0          1
12	31	50
   0.55157   0.832291  0.0686735  -0.129462
 -0.126042 0.00160794   0.992856    0.54893
  0.825552  -0.555825   0.105703     1.3281
         0          0          0          1
8	32	50
  0.928473  0.0862556   -0.36154   0.613485
 -0.107365   0.993575 -0.0386789   0.179926
  0.355843  0.0747215   0.931669  -0.557647
         0          0          0          1
11	32	50
 0.827352  0.188613 -0.529188   1.10921
-0.320748   0.93198 -0.169295  0.733346
 0.461232  0.309782   0.83152 -0.793498
        0         0         0         1
9	32	50
    0.7521   0.192721  -0.630475    1.47705
 -0.284056   0.957853 -0.0460616   0.439825
  0.594938   0.213702   0.775032  -0.713769
         0          0          0          1
10	32	50
 0.983218  0.067849 -0.171128  0.457695
-0.106504  0.968111 -0.228085  0.529123
  0.15015   0.24241    0.9588  -0.50105
        0         0         0         1
15	33	50
-0.767893  -0.42537  0.479221   1.27547
 0.570566 -0.794317  0.209204   1.84088
 0.291627  0.434019  0.852545  -0.91509
       -0         0         0         1
13	33	50
 -0.758538   -0.64915 -0.0581987    2.88192
  0.587792  -0.719945   0.369245    1.27436
 -0.281572   0.245858   0.927595 -0.0306566
         0          0          0          1
11	33	50
 0.477396  0.487758 -0.736901   1.17713
-0.479813  0.846415  0.249402  0.487231
 0.742099  0.233481  0.635307 -0.261894
        0         0         0         1
9	33	50
  0.997347   0.028138 -0.0683627   0.362253
-0.0237837    0.99777  0.0636954   0.043008
 0.0699963 -0.0618956   0.995709   0.393361
         0          0          0          1
10	33	50
  0.649489    0.37626   -0.66079   0.656157
 -0.385914    0.91189   0.139923   0.349541
  0.655198   0.164126   0.737448 -0.0136364
         0          0          0          1
8	34	50
 0.519329 -0.619333   0.58994  0.566811
  0.52358  0.775936  0.353684 -0.936127
-0.676362  0.125121  0.726762   1.82932
       -0        -0         0         1
11	34	50
-0.914054  0.140062 -0.380641   3.43746
-0.276247 -0.902138  0.331412   2.25354
-0.296972   0.40808  0.863294  0.911153
        0         0         0         1
15	35	50
 0.886782 0.0244666  0.461737 -0.278357
 0.104543  0.962219 -0.251764 0.0488221
-0.450411  0.271507  0.850644  0.404133
       -0         0         0         1
8	35	50
-0.787542   0.52458 -0.323569   1.84083
 -0.61083 -0.594219  0.523347   1.89267
 0.082262  0.609772  0.788361 -0.339097
       -0         0         0         1
14	35	50
 0.893239  0.359937 -0.269387 -0.310391
 -0.42074  0.880412 -0.218752    1.5796
 0.158435   0.30874  0.937858 -0.484953
        0         0         0         1
11	35	50
 0.859581 -0.059622  0.509649 -0.509022
-0.487249   0.21692  0.847178  0.776267
-0.160888 -0.975484  0.157239   3.50938
        0         0         0         1
10	35	50
-0.766067  0.628278 -0.152723    2.2778
-0.633715   -0.6826  0.370647   3.51038
 0.128306   0.37979  0.918812 -0.677319
        0         0         0         1
15	36	50
 0.946053  0.248806  0.208397  -0.56783
-0.220746  0.964079 -0.148906  0.312775
-0.237919 0.0948536  0.966824  0.299445
       -0         0        -0         1
8	36	50
 0.611116 -0.729024 -0.309174    2.2483
  0.21932 -0.219435  0.950933 -0.298779
-0.760896 -0.648767 0.0257826   3.90924
       -0        -0        -0         1
13	36	50
0.0847731 -0.885671 -0.456933   3.38041
 0.431589 -0.380724  0.818027  0.966288
-0.898294 -0.266503  0.349902   2.92793
        0         0         0         1
14	36	50
-0.390212 0.0975813 -0.915703   2.71293
 0.836284 -0.378849  -0.39674   2.14127
-0.385569 -0.920462 0.0662157   3.54126
        0         0         0         1
11	36	50
-0.905287  0.411941  0.121882   1.96504
-0.304212  -0.81546  0.496565   2.61266
 0.303325  0.411613  0.861779 0.0488572
        0         0         0         1
15	38	50
 0.617945  0.576527 -0.535002 -0.240771
-0.496725  0.813586  0.302999  0.671175
 0.609815 0.0784941  0.788943  -1.07495
       -0         0         0         1
11	39	50
  0.76376  0.460231 -0.452743   0.32959
-0.334836  0.882013  0.331746  0.244092
 0.551972 -0.101774    0.8277  0.127945
        0         0         0         1
10	39	50
 0.960106  0.186349 -0.211722  0.133962
 -0.11992  0.949591  0.291981  0.109323
 0.255287  -0.25477  0.933422  0.284536
        0         0         0         1
12	39	50
 0.721807  0.525626  -0.45082  0.455329
