4	5	50
 0.753228 0.0993774 -0.650209  0.381836
-0.309581  0.925748  -0.21714  0.676231
 0.580351  0.364848  0.728065 -0.593866
        0         0         0         1
5	6	50
   0.83226 0.00641155  -0.554348   0.633628
 -0.110488   0.981792  -0.154524   0.306142
  0.543263   0.189853   0.817815  -0.894631
         0          0          0          1
3	4	50
 0.754357  0.347086 -0.557205 0.0294229
-0.370506   0.92579 0.0750798  0.693371
 0.541914  0.149811  0.826974 -0.473925
        0         0         0         1
2	3	50
   0.833379    0.331338   -0.442375    0.115371
  -0.223127    0.933954    0.279186    0.354991
   0.505662   -0.133962    0.852268 -0.00834858
          0           0           0           1
4	6	50
  0.249196 -0.0554733  -0.966863    1.52866
 -0.482969   0.858232  -0.173719    1.00495
  0.839429   0.510254   0.187076  -0.743777
         0          0          0          1
6	7	50
 0.984246 0.0325533 -0.173782  -0.20835
0.0051464  0.977212  0.212202 -0.804401
  0.17673 -0.209753   0.96165  0.109132
        0         0         0         1
3	5	50
  0.997565 -0.0536279  0.0445959  -0.923249
 0.0674084   0.905495   -0.41897   0.379552
-0.0179129   0.420955   0.906904   0.396542
         0          0          0          1
0	1	50
  0.921791  -0.151656   0.356795  -0.244594
  0.112188   0.985284   0.128953  -0.523401
 -0.371101 -0.0788395    0.92524   0.915814
         0          0          0          1
4	7	50
0.0438863  0.198779 -0.979061   1.43548
-0.496039  0.855007  0.151357  0.336238
 0.867191   0.47901  0.136125   -1.2956
        0         0         0         1
6	8	50
  0.967325 -0.0974541   0.234063  -0.657772
-0.000855654   0.921918   0.387385   -0.58087
 -0.253539  -0.374928   0.891711   0.801156
         0          0          0          1
1	2	50
  0.975595 -0.0738775   0.206775  -0.362271
 0.0535518   0.993318   0.102232  -0.297052
 -0.212946 -0.0886642   0.973033   0.463141
         0          0          0          1
0	2	50
-0.443735  0.649325  0.617637  0.190122
-0.886917 -0.219481 -0.406455   4.52919
-0.128362 -0.728152  0.673289   2.07254
        0         0         0         1
4	8	50
 0.466533  0.323595 -0.823184  0.645991
 -0.44228  0.891316 0.0997187  0.668553
 0.765986  0.317556  0.558948  -1.47684
        0         0         0         1
2	5	50
-0.0446607 0.0155938 -0.998881   2.32217
-0.948187 -0.315498 0.0374688   3.12274
-0.314561  0.948798 0.0288759  0.906647
        0         0         0         1
7	8	50
  0.907662   -0.16469   0.386039   -0.29213
 0.0834151   0.972233   0.218641 0.00367391
 -0.411328  -0.166251   0.896197   0.824677
         0          0          0          1
6	9	50
 0.844983 -0.241982  0.476915 -0.908813
-0.0260963  0.872056  0.488709 -0.658045
-0.534156 -0.425397  0.730558   1.56896
        0         0         0         1
0	3	50
  0.996004 -0.0380395  0.0808046    -0.4562
0.00435554   0.924372   0.381467  -0.421577
-0.0892044   -0.37959   0.920844    1.44896
         0          0          0          1
1	3	50
 0.945075  0.186482 -0.268438 -0.266317
-0.0836867  0.931953  0.352789  -0.01765
  0.31596 -0.310947  0.896371  0.502753
        0         0         0         1
7	9	50
 0.747376  -0.31122  0.587002 -0.418047
 0.121754  0.932698  0.339486 -0.220462
 -0.65315 -0.182254  0.734968   1.61253
        0         0         0         1
1	5	50
  0.975084 -0.0298124  -0.219822   0.887434
 -0.220489  -0.239198  -0.945605    3.26859
-0.0243902   0.970513  -0.239811   0.986639
         0          0          0          1
0	5	50
 0.987274 -0.054358   0.14945  0.364392
0.0702167  0.992203 -0.102971    0.3119
-0.142688  0.112154  0.983393  0.782206
        0         0         0         1
7	10	50
  0.401889  -0.507798   0.761988 -0.0838488
  0.187624   0.860158   0.474262  -0.484467
  -0.89626 -0.0476331   0.440964    2.33097
         0          0          0          1
6	11	50
 0.892713 -0.231534  0.386596 -0.440629
0.0149998    0.8727  0.488026 -0.727792
-0.450377 -0.429867  0.782543   1.31747
        0         0         0         1
0	6	50
 0.399383   0.70072 -0.591173   1.37295
 0.627943  0.260742  0.733282 -0.592576
 0.667968 -0.664083 -0.335876   2.38677
        0         0         0         1
6	12	50
 0.658458  0.304819 -0.688127   1.15678
0.0728617  0.884199  0.461393 -0.861776
 0.749083 -0.353946  0.559998 -0.199123
        0         0         0         1
7	11	50
-0.296777  -0.50473  0.810661  0.841662
 0.180956  0.803802  0.566707 -0.475359
-0.937645  0.314879 -0.147216   2.62834
        0         0         0         1
7	12	50
-0.764522 -0.289247  0.576058   1.55704
  0.13043  0.805768   0.57769 -0.521346
-0.631264  0.516792 -0.578301   2.74701
        0         0         0         1
6	13	50
 0.720627  0.325826 -0.611992   0.91875
0.0386053  0.862467  0.504638 -0.936904
 0.692248 -0.387282  0.608938 -0.373008
        0         0         0         1
7	13	50
  0.82933  0.281442 -0.482704  0.941596
-0.108726  0.928655  0.354653 0.0371315
 0.548079 -0.241641  0.800761 -0.664938
        0         0         0         1
6	15	50
 0.593111 -0.496596  0.633729  0.708214
0.0310115   0.80063  0.598356  -1.03072
-0.804524 -0.335239  0.490262   2.27985
        0         0         0         1
5	15	50
  0.953339 -0.0759926   0.292183   0.918017
-0.0397463   0.927786   0.370989  -0.952405
 -0.299276  -0.365291   0.881474   0.654277
         0          0          0          1
4	15	50
 0.937728  0.118844 -0.326407  0.780255
-0.0633084  0.982387  0.175807  -1.00906
 0.341552 -0.144195  0.928736  0.413867
        0         0         0         1
7	14	50
-0.401441  -0.48515  0.776836    1.5912
 0.120514  0.812826  0.569904 -0.719927
-0.907922  0.322402 -0.267834   3.63582
        0         0         0         1
5	16	50
  0.931803   0.225068  -0.284761   0.265604
 -0.103087   0.916332   0.386923  -0.802523
  0.348019   -0.33118   0.877042 -0.0149671
         0          0          0          1
4	16	50
 0.438735  0.401384 -0.803992  0.781097
-0.414717  0.884162  0.215098 -0.202894
 0.797196  0.239058  0.554373   -0.7383
        0         0         0         1
6	16	50
 0.909269 -0.217654  0.354764  0.351056
0.0149552  0.868903  0.494757 -0.920422
-0.415941 -0.444561  0.793321    1.0883
        0         0         0         1
5	17	50
 0.625132  0.359658 -0.692716  0.745377
-0.119607  0.921167  0.370332 -0.365075
   0.7713 -0.148653  0.618869  -1.21429
        0         0         0         1
7	16	50
 0.887488 -0.215242  0.407476  0.645769
0.0690817  0.936367  0.344158 -0.295815
-0.455624 -0.277287  0.845883  0.870274
        0         0         0         1
4	17	50
-0.0386079  0.391721 -0.919274    1.8519
-0.486928   0.79597  0.359628   0.47905
 0.872589  0.461505  0.160009  -1.13299
        0         0         0         1
6	17	50
  0.949185   0.159266  -0.271445 -0.0346687
 -0.012798    0.88132   0.472348  -0.614598
  0.314459  -0.444872   0.838574  -0.268949
         0          0          0          1
6	18	50
 0.952281 -0.168757  0.254325 -0.467551
0.0314718  0.883096  0.468135 -0.644845
-0.303595 -0.437793  0.846267  0.845094
        0         0         0         1
4	18	50
 0.516774  0.338205 -0.786487  0.700176
 -0.40031  0.907507  0.127215  0.574244
 0.756767  0.249097  0.604363  -1.34992
        0         0         0         1
7	17	50
  0.994615  0.0446187 -0.0935479  0.0753007
-0.0208875   0.970364   0.240744   0.266543
  0.101517  -0.237493    0.96607  -0.320711
         0          0          0          1
7	18	50
 0.908082 -0.164689  0.385052 -0.304137
0.0612223  0.961759  0.266968  0.100359
-0.414294 -0.218855  0.883438  0.680861
        0         0         0         1
6	20	50
-0.665705  0.366885 -0.649794   3.11849
-0.0184607  0.862423  0.505852 -0.506911
 0.745987  0.348744 -0.567347  0.947066
        0         0         0         1
7	19	50
 0.756375 -0.330929  0.564254 -0.305095
 0.173823  0.933261  0.314341 -0.063928
-0.630621  -0.13968  0.763418   1.19064
        0         0         0         1
6	21	50
-0.942745  0.223071 -0.247936   2.98109
0.0741358  0.864966  0.496326 -0.720386
 0.325172  0.449527 -0.831979   2.16615
        0         0         0         1
2	14	50
  0.67426 0.0803997  0.734105 -0.897128
-0.0444016  0.996672 -0.068374 -0.192803
-0.737158 0.0135065  0.675586   1.99907
        0         0         0         1
2	15	50
  0.980719  -0.131233   0.144805   -0.30547
   0.12221   0.990063  0.0695734  -0.169068
 -0.152496 -0.0505352   0.987011   0.650297
         0          0          0          1
7	20	50
0.0837356 -0.567495  0.819108  0.285709
 0.203269  0.814439  0.543481 -0.356119
-0.975536   0.12099  0.183551   2.47098
        0         0         0         1
4	22	50
  0.976379  -0.134815   0.168847  -0.116746
  0.142585   0.989174 -0.0347132  -0.272106
 -0.162339  0.0579682   0.985031 -0.0990407
         0          0          0          1
6	22	50
 0.0472897   0.429475   -0.90184    2.33017
  0.017834   0.902343   0.430649  -0.652561
  0.998722 -0.0364486  0.0350121  -0.522507
         0          0          0          1
6	23	50
-0.830752 -0.169686   0.53015   1.98892
0.0102242  0.947592  0.319319 -0.679392
 -0.55655  0.270696 -0.785479   2.87704
        0         0         0         1
7	21	50
-0.140351  0.458599  -0.87749   3.01503
-0.141777  0.867821  0.476221  0.222671
 0.979898  0.191246 -0.056781 -0.392758
        0         0         0         1
6	24	50
 0.807412  0.203592 -0.553747  0.497945
0.0123777  0.932522  0.360901 -0.823133
 0.589858  -0.29825   0.75041 -0.454807
        0         0         0         1
3	25	50
-0.446909  0.411906 -0.794107    3.0719
-0.449522  0.664075   0.59744  0.153947
 0.773436   0.62397  -0.11162 -0.566233
        0         0         0         1
6	25	50
 0.916476 -0.161796  0.365915 -0.419737
-0.0366127   0.87683  0.479406 -0.834318
-0.398411 -0.452761  0.797669   0.60497
        0         0         0         1
3	26	50
-0.721085  0.246894 -0.647364   3.23899
-0.407559  0.604448  0.684498 -0.532209
 0.560296   0.75742 -0.335235  0.943748
        0         0         0         1
7	22	50
-0.534038  -0.35583  0.766935   1.35158
 0.134915   0.85963  0.492782 -0.430341
-0.834627  0.366635 -0.411068   3.39846
        0         0         0         1
0	18	50
-0.708698  0.132916  0.692878   1.42141
 0.537391 -0.534623  0.652218 0.0729502
 0.457119  0.834573  0.307458 -0.294777
        0         0         0         1
2	18	50
-0.691673 -0.524603  0.496368   2.68511
 0.721563 -0.531087  0.444177  0.311537
0.0305981  0.665386  0.745873 -0.183196
        0         0         0         1
5	27	50
  0.776342   0.175233  -0.605463   0.403459
 -0.125818   0.984329   0.123558 -0.0803095
  0.617626 -0.0197448   0.786224   -1.33029
         0          0          0          1
4	27	50
 0.167587  0.354794 -0.919802   1.29259
-0.498368  0.835494  0.231472  0.639164
 0.850614  0.419609  0.316835  -1.37646
        0         0         0         1
6	27	50
  0.993257  0.0362389  -0.110126  -0.356606
0.00193853   0.944568   0.328312  -0.562872
  0.115919  -0.326311   0.938128 -0.0928349
         0          0          0          1
6	28	50
  0.947559  0.0354542   0.317611 -0.0120095
0.00231399   0.993041  -0.117754  -0.458335
 -0.319575   0.112314   0.940882   0.530616
         0          0          0          1
3	28	50
 0.978402 0.0196929 -0.205771 -0.389372
-0.138178  0.802673 -0.580193  0.366354
 0.153741  0.596095  0.788058 -0.159415
        0         0         0         1
4	28	50
  0.503364 -0.0443527  -0.862936    1.09028
 -0.454855   0.835512  -0.308267   0.409928
  0.734665    0.54768   0.400392  -0.787197
         0          0          0          1
7	23	50
  0.525986   0.308809  -0.792449     1.5632
 -0.157896   0.951011   0.265797   0.226406
  0.835708 -0.0146811   0.548978  -0.952885
         0          0          0          1
5	28	50
 0.917981  0.035597 -0.395023  0.696887
-0.116039   0.97649 -0.181665 -0.269066
  0.37927  0.212604   0.90053 -0.589549
        0         0         0         1
5	29	50
 0.941133 -0.107823  0.320382  0.558279
 0.013339  0.958874   0.28352 -0.423478
-0.337775 -0.262556  0.903865  0.866868
        0         0         0         1
3	29	50
 -0.838259   0.233579   -0.49271    3.26847
 -0.266605   0.612659   0.744024 -0.0491972
  0.475652   0.755043  -0.451293   0.634829
         0          0          0          1
4	29	50
-0.020374  -0.74831  0.663036   1.95787
 0.894074 -0.310439 -0.322892  0.243428
 0.447455  0.586225  0.675369 -0.627728
        0         0         0         1
5	30	50
 -0.202394   0.962545     0.1804 0.00829148
 -0.647319  -0.269724   0.712901     2.1309
  0.734857  0.0275105   0.677664  -0.803625
         0          0          0          1
6	30	50
-0.840473  0.259849 -0.475483   2.24251
-0.531555 -0.225122  0.816559   1.87147
  0.10514  0.939041  0.327333 -0.403007
        0         0         0         1
3	30	50
 -0.283624  -0.958395 -0.0321847    3.29142
  0.954631  -0.279015  -0.104072      0.474
 0.0907621 -0.0602419   0.994049    0.72321
         0          0          0          1
7	24	50
  0.827895   0.145703  -0.541629   0.862018
-0.0338757   0.976896   0.211014 -0.0606594
   0.55986  -0.156349   0.813703  -0.663064
         0          0          0          1
4	30	50
  0.992663 -0.0297975   0.117182   0.239799
 0.0526831   0.978914  -0.197363  -0.556392
 -0.108831   0.202089   0.973302   0.818271
         0          0          0          1
5	31	50
  0.994171 -0.0216027   0.105631   0.289532
0.000675458    0.98095   0.194257  -0.582505
 -0.107816  -0.193054   0.975247   0.230129
         0          0          0          1
3	31	50
  0.65976   0.62709  0.414097  -1.52427
-0.623662  0.764334 -0.163824   1.44922
-0.419241 -0.150172  0.895369   1.74588
        0         0         0         1
6	31	50
 0.843952 -0.218018  0.490116   0.46476
0.0153292   0.92311   0.38423 -0.708593
  -0.5362 -0.316759  0.782402   1.10153
        0         0         0         1
0	21	50
-0.827308  0.540674  0.152426     2.153
-0.312388  -0.66832  0.675101   1.34496
 0.466879    0.5109  0.721807 -0.724802
        0         0         0         1
7	25	50
-0.747082  0.298466 -0.593958   3.21785
-0.104084  0.829986  0.547988 -0.221817
 0.656533  0.471213 -0.589002  0.912577
        0         0         0         1
4	31	50
  0.75465  0.233451 -0.613191  0.497354
-0.379435  0.917717 -0.117579  0.246546
 0.535286  0.321397  0.781135 -0.633006
        0         0         0         1
6	32	50
 0.947703  0.114746 -0.297813 -0.404286
 0.026064   0.90219   0.43055 -0.750186
 0.318088 -0.415795  0.852018  0.149008
        0         0         0         1
4	32	50
 0.296544  0.328918 -0.896591   1.18093
-0.502498  0.852094  0.146395  0.701346
 0.812132  0.407123  0.417964  -1.52687
        0         0         0         1
6	33	50
  0.721865  -0.343357   0.600847 -0.0688287
-0.0706927   0.827105   0.557584  -0.426827
 -0.688414  -0.444976   0.572785    1.45915
         0          0          0          1
3	33	50
  0.973994  -0.047094   0.221629  -0.180663
 0.0385879   0.998349  0.0425582   0.123119
 -0.223267 -0.0328993   0.974202   0.283503
         0          0          0          1
0	22	50
  0.72379  0.511823  -0.46278  0.677087
-0.495666  0.852241  0.167332  0.661365
 0.480045  0.108271  0.870537 -0.577936
        0         0         0         1
5	34	50
-0.710915  0.677887   0.18727   1.14157
-0.483615 -0.664546  0.569646   1.96272
 0.510604  0.314403  0.800271 -0.562462
        0         0         0         1
4	33	50
-0.681079  0.456969 -0.572111   2.32834
-0.336163  0.498986  0.798753 -0.358017
 0.650481  0.736337 -0.186233  0.455398
        0         0         0         1
7	27	50
  0.995344 -0.0570067  0.0777295  -0.124639
 0.0444333    0.98694   0.154842    0.15874
-0.0855415  -0.150667   0.984877 -0.0183061
         0          0          0          1
6	34	50
  0.204351  -0.581639    0.78736   0.476457
  0.107288   0.812796   0.572583  -0.531785
 -0.973001 -0.0325335   0.228499     2.7118
         0          0          0          1
5	35	50
 0.828807  0.176682  0.530908 -0.814639
-0.518063 -0.116179  0.847416   1.23108
 0.211403 -0.977388 -0.004758   2.88197
        0         0         0         1
2	23	50
-0.918763 -0.211506 -0.333378   3.56952
-0.0193566 -0.819253  0.573106   1.73086
-0.394336  0.533001  0.748605  0.336439
        0         0         0         1
5	37	50
-0.403068  0.793654  0.455686 -0.810999
-0.120907 -0.539741  0.833103   1.44363
 0.907148  0.280702  0.313511 -0.559002
        0         0         0         1
6	37	50
-0.548638  0.723508  0.418965 -0.489349
0.0150178  -0.49251  0.870178    1.2658
 0.835925  0.483705  0.259344  -1.06103
        0         0         0         1
3	37	50
-0.894332  0.375578   0.24313  0.417906
 -0.22403 -0.846315  0.483283   2.82961
 0.387275  0.377747  0.841027 -0.653411
        0         0         0         1
1	26	50
 0.244786   0.30458 -0.920495   2.13643
-0.911825 -0.250447  -0.32535   3.88167
 -0.32963  0.918971  0.216418  0.602675
        0         0         0         1
0	26	50
-0.502442 -0.287414  0.815442   1.06212
 0.180495  0.887485   0.42402 -0.813138
-0.845562  0.360229 -0.394032   3.72831
        0         0         0         1
4	38	50
 0.990339 -0.105261 0.0902711 -0.104649
0.0917582  0.985528  0.142532  -1.09899
-0.103968 -0.132872  0.985665  0.541477
        0         0         0         1
7	31	50
  0.727646  -0.227974   0.646962   0.728842
  0.158241   0.973506   0.165064 -0.0120614
 -0.667451 -0.0177323   0.744442   0.810545
         0          0          0          1
2	26	50
-0.415989  0.151107 -0.896727   3.61881
-0.814298 -0.500864   0.29335   2.71123
-0.404811  0.852233  0.331401  0.538211
        0         0         0         1
4	39	50
 0.129063  0.883715  0.449879 -0.147583
-0.721303  0.394985 -0.568955   2.75095
-0.680489 -0.251068  0.688403   1.48738
        0         0         0         1
5	40	50
 0.607104 -0.536031  0.586596 -0.020771
 0.125277  0.793542   0.59548 -0.626592
-0.784684 -0.288032  0.548915   1.83787
        0         0         0         1
6	40	50
-0.106659 -0.662175  0.741719   1.06901
-0.0523512   0.74868  0.660861 -0.302474
-0.992917 0.0316568 -0.114519   3.10923
        0         0         0         1
7	32	50
   0.968812   -0.120757    0.216384   -0.215053
  0.0823168     0.98047    0.178615 -0.00554037
  -0.233727   -0.155233    0.959831    0.245373
          0           0           0           1
0	28	50
  0.985948 -0.0723498  -0.150573    1.01655
 0.0528056    0.99011  -0.129977  -0.233527
  0.158487     0.1202   0.980017   0.479936
         0          0          0          1
1	28	50
  0.784885 0.00570381  -0.619615    1.50816
-0.0539005   0.996796 -0.0591015 -0.0431217
  0.617293  0.0797854   0.782677   0.167977
         0          0          0          1
2	27	50
-0.502174 -0.561721  0.657489   2.48878
 0.862066 -0.385219  0.329315 0.0899339
 0.068294  0.732172  0.677687 -0.169019
        0         0         0         1
4	40	50
 0.246072 -0.588425  0.770198  0.704255
 0.510893  0.754023  0.412841 -0.953591
-0.823673    0.2919  0.486166   1.69645
        0         0         0         1
6	41	50
 0.270818 -0.578506  0.769408  0.348186
-0.0687426  0.785614  0.614887 -0.347318
-0.960173 -0.219414  0.172991   2.84896
        0         0         0         1
1	29	50
 -0.305589   0.864493   0.399082 0.00301003
 -0.894731  -0.117354  -0.430911    2.87686
 -0.325686  -0.488753   0.809351    2.09209
         0          0          0          1
0	29	50
 0.316145  0.750132 -0.580823    1.2313
  0.94633 -0.205993  0.249052 -0.113026
0.0671766 -0.628386 -0.774995   4.14384
        0         0         0         1
2	28	50
-0.631425 -0.048547  0.773916    1.2931
 0.212158  0.949142  0.232635 -0.946521
 -0.74585  0.311084 -0.589012   3.85829
        0         0         0         1
0	30	50
  0.848086 -0.0946891    0.52133  -0.328149
 -0.528856  -0.090749   0.843846    1.85514
-0.0325927  -0.991362   -0.12704    3.49697
         0          0          0          1
6	42	50
 0.151738  -0.51331  0.844683  0.284574
-0.0582756  0.848446  0.526065 -0.284968
-0.986702 -0.129048 0.0988278   2.74531
        0         0         0         1
2	29	50
-0.110611 -0.971074 -0.211616   2.57166
  -0.9333  0.028298   0.35798   2.47055
-0.341636  0.237098 -0.909433   4.10307
        0         0         0         1
3	40	50
-0.971983  0.222083 0.0769974   2.37768
-0.114305 -0.160358 -0.980418   3.21189
-0.205387 -0.961751   0.18125    2.6672
        0         0         0         1
4	41	50
-0.949035 -0.185922  0.254489   2.79008
 0.180672  0.340687  0.922654  -1.02861
-0.258243   0.92161 -0.289733   1.54895
        0         0         0         1
0	31	50
  0.972815 -0.0121514   0.231264   0.107882
-0.0299783   0.983612   0.177787  -0.230955
 -0.229635  -0.179887   0.956509    1.36676
         0          0          0          1
1	31	50
-0.640812  0.476178  0.602175  0.391788
-0.716338 -0.652964 -0.245962    4.0159
 0.276077 -0.588976  0.759532   1.54053
        0         0         0         1
6	43	50
  0.190979  -0.478768   0.856918   0.565459
  0.016104   0.874397   0.484945  -0.704417
 -0.981462 -0.0788145   0.174702    2.31869
         0          0          0          1
2	30	50
 -0.449831   0.825233   0.341531  -0.479032
  0.574892 -0.0251024   0.817844  -0.193567
  0.683485   0.564235  -0.463128    1.36889
         0          0          0          1
5	44	50
   0.42246  -0.718051    0.55311    1.12709
 -0.845497 -0.0923149   0.525939     2.5367
 -0.326591  -0.689842  -0.646109    3.49184
         0          0          0          1
6	44	50
-0.373545  0.560605 -0.739044   2.29046
-0.822711   0.16781  0.543127   1.38127
 0.428499  0.810902  0.398532   -1.2569
        0         0         0         1
4	42	50
 0.994107  0.031572 -0.103705 -0.565023
-0.0228223  0.996162 0.0844979  0.103767
 0.105975 -0.081633  0.991012 -0.281451
        0         0         0         1
2	31	50
-0.839545 0.150892 0.521916  1.48541
0.432791 0.766458 0.474589 -1.28572
-0.328415 0.624319 -0.70878  3.29452
       0        0        0        1
3	41	50
  0.996716  0.0619297  0.0521808    -1.0985
-0.0649972   0.996123  0.0592944   0.331208
-0.0483065 -0.0624913   0.996876    0.29932
         0          0          0          1
6	45	50
  -0.879002   0.0429148   -0.474882     3.69709
   0.041809    0.999042   0.0128946   -0.497647
    0.47498 -0.00852001   -0.879955     1.68514
          0           0           0           1
4	45	50
  0.876398 -0.0175207    0.48127   -1.28833
  0.212796   0.910577  -0.354355  -0.180438
 -0.432025   0.412968   0.801756   0.176146
         0          0          0          1
6	48	50
  0.937974  -0.325837   0.118472   0.794823
  0.343565   0.919421  -0.191384 -0.0411263
-0.0465656   0.220216   0.974339   0.158866
         0          0          0          1
3	44	50
 -0.423712    0.82379  -0.376615    1.46787
 -0.874512  -0.480372 -0.0668697    4.26509
 -0.236002   0.301021   0.923954    0.22912
         0          0          0          1
1	34	50
 0.880107 -0.435907  0.188141   0.58395
 0.347031  0.861071  0.371653 -0.824187
-0.324009 -0.261804  0.909108   1.32979
        0         0         0         1
5	49	50
-0.621214 -0.629979  0.466069   2.34724
 0.220493 -0.711237 -0.667477   3.11868
 0.751982 -0.311882  0.580736  0.289509
        0         0         0         1
2	33	50
 0.810682  0.542131 -0.221109 0.0694481
-0.455016   0.82103  0.344775   0.54307
  0.36845 -0.178895  0.912272  0.119676
        0         0         0         1
1	35	50
 0.869874  -0.19013  0.455159 -0.476847
 0.109872  0.974232  0.196977 -0.909947
-0.480882 -0.121336  0.868349   1.66464
        0         0         0         1
0	35	50
-0.681324  0.724273 -0.105954   2.23747
-0.554569 -0.416277  0.720532   2.41913
 0.477756  0.549675  0.685279  -1.13647
        0         0         0         1
1	36	50
-0.569668 -0.728987 -0.379546   4.66816
 0.812861 -0.431535 -0.391197   2.00396
  0.12139 -0.531371  0.838397   1.87749
        0         0         0         1
4	49	50
-0.886703  0.456882 0.0708213   1.21233
 0.185693  0.211649  0.959543 -0.539861
 0.423409  0.863981 -0.272509 -0.079118
        0         0         0         1
0	36	50
-0.128677 -0.893217  -0.43082   3.79629
 0.078154 -0.442214  0.893498   1.33255
-0.988602 0.0813028  0.126711   3.34792
        0         0         0         1
2	34	50
 0.969482 -0.239457 0.0525869  0.257356
 0.221485   0.94743  0.230914  0.220048
-0.105116 -0.212219  0.971552   1.16235
        0         0         0         1
1	37	50
 0.020127 -0.879471 -0.475527   4.23396
 0.940694  0.177764 -0.288953  0.227815
 0.338658  -0.44151  0.830891   1.23407
        0         0         0         1
0	37	50
 0.502118    0.7562  0.419572 -0.789316
-0.122392 -0.418144  0.900098   1.44888
 0.856095 -0.503307 -0.117405   2.22578
        0         0         0         1
3	48	50
 0.825232  0.231767  -0.51505  0.817465
-0.345836 -0.513621 -0.785233   3.72219
-0.446532  0.826122 -0.343704   1.49531
        0         0         0         1
2	35	50
  0.953357  -0.188304   0.235908  0.0273734
  0.179683    0.98203   0.057729  -0.358748
 -0.242539 -0.0126477   0.970059     1.1607
         0          0          0          1
9	10	50
  0.917677   -0.22558   0.327084  -0.296077
   0.19676   0.973186    0.11914  -0.449921
  -0.34519 -0.0449749   0.937455   0.594519
         0          0          0          1
3	49	50
  0.983667  -0.158622 -0.0850753    1.06644
  0.100303   0.875517  -0.472662  0.0653309
  0.149459   0.456409   0.877127  -0.518454
         0          0          0          1
2	36	50
-0.517915  0.667277  0.535263 -0.620504
 0.799725  0.155577  0.579858  -1.45507
 0.303652   0.72838 -0.614214   1.45866
        0         0         0         1
0	38	50
 0.956617  0.181584  -0.22784  0.461761
-0.0819576  0.918158  0.387645 -0.556005
 0.279583 -0.352155  0.893208  0.538383
        0         0         0         1
2	37	50
-0.847141  0.261031  0.462833 -0.267961
 0.527926  0.512439  0.677275   -1.0423
-0.0603842  0.818089 -0.571914   1.91907
        0         0         0         1
7	42	50
0.0368329 -0.583659  0.811163  0.996584
 0.234874  0.794031  0.560668 -0.209588
-0.971328   0.16987  0.166333   2.38857
        0         0         0         1
9	11	50
  0.46696 -0.494277  0.733238  0.347094
 0.401306  0.857342  0.322364 -0.797389
-0.787973  0.143722  0.598701   1.38685
        0         0         0         1
8	9	50
 0.952848 -0.149072  0.264308 -0.438366
  0.12421  0.986306    0.1085 -0.366383
-0.276863 -0.070554  0.958316  0.621447
        0         0         0         1
0	39	50
-0.664576 -0.546116  0.509996   2.20664
 0.171831  0.552537  0.815584  -0.33847
-0.727195   0.62965 -0.273363   1.99537
        0         0         0         1
7	43	50
 0.894559 -0.262813  0.361517 0.0293853
 0.132825  0.928629  0.346419 -0.226767
-0.426758 -0.261873  0.865621   1.10324
        0         0         0         1
9	12	50
-0.0236638 -0.506513  0.861907   0.75729
 0.450896  0.764071  0.461398  -1.08937
-0.892262  0.399549  0.210304   1.87387
        0         0         0         1
0	40	50
   0.81144  -0.367635   0.454325 -0.0237653
 0.0866267   0.844442   0.528595  -0.148977
 -0.577981  -0.389567   0.717061     1.7601
         0          0          0          1
2	38	50
-0.496892 -0.457023  0.737719   1.14767
 0.425898  0.612247  0.666156  -1.50333
-0.756115  0.645201 -0.109576   3.20076
        0         0         0         1
8	10	50
-0.775694  0.337178 -0.533489   3.54187
-0.233826  0.631616   0.73918 -0.399546
 0.586195  0.698121 -0.411099  0.461491
        0         0         0         1
0	41	50
-0.0800942 -0.598162  0.797363   1.20511
  0.16601  0.780756  0.602379 -0.459087
-0.982866  0.180618  0.036767   3.06333
        0         0         0         1
7	45	50
  0.895799 -0.0788521    0.43741  -0.723297
 0.0317578  -0.970266  -0.239949    3.40064
  0.443325   0.228837  -0.866659    1.49578
         0          0          0          1
9	13	50
 -0.17198 -0.498353  0.849746  0.727729
 0.460239  0.722019  0.516593   -1.3406
-0.870978   0.47993  0.105189   2.16318
        0         0         0         1
0	42	50
-0.833609  0.541484 -0.109048   2.28156
-0.467904 -0.587343  0.660375   1.86058
 0.293534  0.601518  0.742977 -0.290681
        0         0         0         1
11	12	50
   0.898474   -0.211929    0.384487   -0.290393
   0.229683    0.973266 -0.00026238   -0.378633
  -0.374153   0.0885458    0.923131    0.530024
          0           0           0           1
2	39	50
 0.277211 -0.881001  0.383394   1.41429
 0.847695 0.0364197 -0.529233   1.01171
 0.452291  0.471711  0.756916 -0.411323
        0         0         0         1
8	11	50
 0.224103  -0.51568  0.826953  0.212282
 0.370297  0.829954  0.417201 -0.922535
-0.901475  0.212723   0.37695   1.83997
        0         0         0         1
9	14	50
 0.502412 -0.475192  0.722339 0.0295135
 0.414797  0.865484  0.280855  -1.45507
-0.758634  0.158519  0.631938   2.17081
        0         0         0         1
10	11	50
 0.779893 -0.329557  0.532127  0.206077
 0.328021  0.939261  0.100952 -0.497711
-0.533075 0.0958168  0.840625  0.844145
        0         0         0         1
0	43	50
-0.358515  0.908255 -0.215733   1.53725
-0.930854 -0.330344  0.156157    3.0039
0.0705643    0.2568  0.963885 -0.167348
        0         0         0         1
1	43	50
   0.46878  -0.320091   0.823279  -0.285178
  0.163167   0.947373   0.275431   -0.39397
 -0.868114 0.00521551   0.496337    2.10897
         0          0          0          1
2	40	50
  0.13325  0.778206   0.61371   -1.1279
-0.654984  0.533877 -0.534763   3.15929
-0.743802 -0.330712  0.580852   2.41861
        0         0         0         1
8	12	50
 -0.281953  -0.510959   0.812049    1.00986
  0.362981   0.726667   0.583266   -1.12744
 -0.888115   0.459211 -0.0194172    2.14942
         0          0          0          1
1	44	50
-0.479646  0.311497 -0.820311   3.33857
0.00156477 -0.934562 -0.355797   2.91955
-0.877461  -0.17194  0.447771   3.21606
        0         0         0         1
0	44	50
-0.489308  0.175103 -0.854352    3.8431
  0.85541  0.287164 -0.431059   1.17273
 0.169859 -0.941741 -0.290296   3.58319
        0         0         0         1
8	13	50
-0.502644 -0.427776  0.751237   1.23192
 0.368915  0.679753  0.633907  -1.36514
-0.781826  0.595772 -0.183861     2.335
        0         0         0         1
0	45	50
-0.129311  0.193354  -0.97257   3.13246
-0.973894 -0.209304 0.0878757   3.38738
-0.186571  0.958544  0.215371  0.790601
        0         0         0         1
11	13	50
 0.744836 -0.341785  0.573065 -0.560557
 0.372284  0.925612 0.0681766  -0.66721
-0.553737  0.162562  0.816669  0.804639
        0         0         0         1
10	12	50
 0.426212  -0.44956  0.785009  0.393984
 0.465257  0.853143  0.235973 -0.921912
-0.775809  0.264656  0.572781    1.4316
        0         0         0         1
2	41	50
 -0.981663  -0.176408 -0.0722377    2.56417
  0.108865  -0.829884   0.547213    1.48145
 -0.156482   0.529314   0.833871  0.0475204
         0          0          0          1
0	47	50
 0.409776 0.0805838  -0.90862   2.04548
-0.152241  0.988162 0.0189795  0.357897
 0.899393  0.130552  0.417193  -0.35918
        0         0         0         1
9	17	50
  0.63239  0.323915 -0.703678   1.79952
-0.379618  0.921414  0.082982  0.706276
 0.675258  0.214652  0.705657 -0.987306
        0         0         0         1
0	48	50
   0.95061  0.0148172  -0.310036    0.85032
-0.0271135   0.999006 -0.0353893 -0.0994964
  0.309204  0.0420474   0.950066   0.675297
         0          0          0          1
10	13	50
 0.170467 -0.471272  0.865358  0.375047
  0.53047   0.78398  0.322456  -1.20205
-0.830387  0.404078  0.383638   1.75718
        0         0         0         1
1	49	50
  0.953983   0.125737  -0.272226   0.290322
 -0.158002   0.982367 -0.0999587   0.162509
  0.254857   0.138371   0.957028   0.516439
         0          0          0          1
0	49	50
 0.580477  0.740849   0.33792  0.384247
-0.806643  0.466488  0.362928  0.307511
 0.111239 -0.483252  0.868386   1.22221
        0         0         0         1
11	14	50
   0.99157 -0.0785908   0.103014   -1.11797
 0.0803927   0.996673 -0.0134545  -0.384765
 -0.101614  0.0216224   0.994589    0.26247
         0          0          0          1
9	18	50
    0.94687    0.139591   -0.289745    0.808015
   -0.14725    0.989088 -0.00468644    0.378155
   0.285929   0.0471022    0.957093   -0.500804
          0           0           0           1
8	16	50
  0.998783  -0.013151 -0.0475405   0.936286
 0.0166679   0.997092  0.0743543  -0.443517
 0.0464244 -0.0750563   0.996098   0.163054
         0          0          0          1
10	14	50
 0.696395  -0.37352  0.612795 -0.414906
 0.389359   0.91393  0.114594  -1.17772
-0.602854  0.158794   0.78189   1.61644
        0         0         0         1
10	15	50
  0.998106 -0.0361864 -0.0497657   -1.13888
 0.0437849   0.985944   0.161238  -0.956501
 0.0432316  -0.163111    0.98566   0.880283
         0          0          0          1
11	15	50
 0.968662 -0.219566  0.116124  0.106762
 0.177258  0.938583  0.296043 -0.907999
-0.173993 -0.266181   0.94809   0.91621
        0         0         0         1
2	44	50
   0.261948 -0.00680644    0.965058    -1.33913
  -0.247716   -0.966947   0.0604184     2.65857
   0.932749   -0.254887   -0.254976     1.45823
          0           0           0           1
14	15	50
 0.659247  0.429568 -0.617143  0.217231
-0.395877  0.896073  0.200835  0.707389
 0.639278  0.111913  0.760789  -1.24363
        0         0         0         1
8	17	50
   0.852835    0.212742   -0.476879    0.860448
  -0.182802    0.977091    0.108976    0.326939
   0.489138 -0.00576416    0.872187   -0.821352
          0           0           0           1
10	16	50
-0.605211 -0.375814  0.701771   1.80357
 0.469411  0.543508  0.695883  -1.03314
-0.642941  0.750575 -0.152526   1.34912
        0         0         0         1
11	16	50
-0.136123 -0.464124  0.875248  0.748946
 0.519729  0.718681  0.461931  -1.03489
-0.843417  0.517771  0.143389   1.37053
        0         0         0         1
12	13	50
  0.970642  -0.123966   0.206121  -0.417161
  0.130788   0.991213 -0.0197551 -0.0906332
 -0.201861  0.0461331   0.978327  0.0715244
         0          0          0          1
10	17	50
-0.961933  0.118342 -0.246333   3.05678
 -0.14875  0.529425  0.835215 -0.636431
 0.229256  0.840062 -0.491668   1.32824
        0         0         0         1
11	17	50
 0.536848   -0.3556  0.765078 -0.606958
 0.440213  0.891669  0.105545 -0.786218
-0.719727  0.280135   0.63523   1.56529
        0         0         0         1
9	19	50
   0.998798 -0.00854132  -0.0482603    0.329967
  0.0100777    0.999447   0.0316863    0.140644
  0.0479629  -0.0321344    0.998332   -0.142786
          0           0           0           1
14	17	50
 0.554293  -0.40202  0.728793  0.530738
 0.493952  0.863636  0.100721 -0.521156
-0.669904  0.304161  0.677286   1.26916
        0         0         0         1
11	18	50
  0.67424  0.293955 -0.677489   1.29157
-0.369423  0.928592 0.0352555  0.525927
 0.639475  0.226509  0.734688 -0.575464
        0         0         0         1
13	14	50
 0.822129  0.282892 -0.494041 0.0403902
 -0.26259  0.958407  0.111818  0.316187
 0.505124 0.0378015  0.862219 -0.750979
        0         0         0         1
10	18	50
  0.717854   0.279131  -0.637786    1.68621
 -0.360308    0.93283 0.00271678   0.615155
  0.595704   0.227849   0.770209  -0.600861
         0          0          0          1
14	18	50
  0.997133  0.0526425 -0.0543607   0.336352
-0.0625612   0.977626  -0.200832   0.483003
 0.0425722   0.203657   0.978116  0.0380809
         0          0          0          1
8	18	50
  0.999214  0.0136669 -0.0372011   0.153457
-0.0109644   0.997351  0.0719103  0.0529002
 0.0380854 -0.0714459   0.996717  -0.139651
         0          0          0          1
11	19	50
 0.395659  0.429465 -0.811797   1.79591
 -0.44278  0.863614  0.241073  0.501857
 0.804612  0.264065  0.531855 -0.604513
        0         0         0         1
13	15	50
 0.128845  0.552619 -0.823415   0.99844
-0.483563  0.759938  0.434351  0.824743
 0.865775  0.342209   0.36514  -1.70779
        0         0         0         1
2	48	50
   0.610412   0.0724342   -0.788765     1.89377
  -0.381192    0.899773    -0.21237    0.811576
   0.694327    0.430305    0.576844 -0.00359821
          0           0           0           1
10	19	50
 0.879297  0.204236 -0.430261   1.00248
-0.215816  0.976179 0.0223246  0.423092
 0.424572 0.0732271  0.902428 -0.453552
        0         0         0         1
11	20	50
 0.744423  0.360802 -0.561833   0.78862
-0.355085  0.926506  0.124506  0.628459
 0.565464  0.106813  0.817827 -0.713388
        0         0         0         1
9	20	50
  0.954641  -0.164349   0.248293  -0.186119
  0.137328   0.982909   0.122599 -0.0882456
 -0.264198 -0.0829408   0.960895   0.347943
         0          0          0          1
2	49	50
 0.623584  0.657793 -0.422434  0.250925
-0.679183  0.723434  0.123907   1.02456
 0.387108  0.209644  0.897884  0.317795
        0         0         0         1
8	19	50
  0.962802  -0.170545   0.209589  -0.185275
  0.156088   0.984181   0.083806  -0.153532
 -0.220567 -0.0479739   0.974191   0.287209
         0          0          0          1
12	14	50
   0.941918      0.1547   -0.298092   -0.603442
  -0.147046    0.987961   0.0480819    0.162518
   0.301942 -0.00145578    0.953326   -0.579151
          0           0           0           1
13	16	50
 0.502004 -0.407718  0.762731  0.520099
 0.408984  0.888981  0.206024 -0.750428
-0.762053   0.20852  0.613022   1.22942
        0         0         0         1
10	20	50
   0.99782  0.0223753 -0.0620886   0.292176
-0.0205769   0.999354  0.0294533   0.226186
 0.0627075 -0.0281115   0.997636 -0.0982219
         0          0          0          1
14	21	50
   0.86589   0.258666  -0.428167    1.40234
 -0.291565   0.956478 -0.0118064    1.04708
  0.406478   0.135061   0.903623  -0.911813
         0          0          0          1
15	16	50
 0.729564  0.311957 -0.608622 -0.315727
-0.369775  0.928547 0.0326839  0.670733
 0.575329  0.201208  0.792787 -0.912676
        0         0         0         1
8	20	50
  0.803531  -0.333134   0.493315  -0.496296
  0.247258   0.940649   0.232473  -0.434447
 -0.541481 -0.0648232    0.83821   0.946987
         0          0          0          1
9	21	50
 0.888635  -0.23889  0.391484 -0.475101
 0.226297  0.970869 0.0787669 -0.171793
-0.398896 0.0185964  0.916807  0.484775
        0         0         0         1
11	21	50
  0.895245   0.202894    -0.3967    0.26193
 -0.223293   0.974737 -0.0053782   0.642505
  0.385587  0.0933951   0.917932  -0.725481
         0          0          0          1
13	17	50
  0.885497   -0.13406   0.444885  -0.599855
  0.166834   0.985359 -0.0351418 -0.0602518
 -0.433661    0.10534   0.894898   0.914167
         0          0          0          1
12	16	50
 0.699024 -0.361978  0.616715  0.513875
 0.353987    0.9245    0.1414 -0.737923
-0.621336  0.119467  0.774383   1.05166
        0         0         0         1
10	21	50
  0.982811  -0.108472   0.149386  -0.224347
  0.117671   0.991575 -0.0541538   0.157481
 -0.142254  0.0708015   0.987295  0.0832418
         0          0          0          1
9	22	50
  0.882356  -0.191758   0.429741  -0.970637
  0.248526   0.965355 -0.0795239  -0.114012
 -0.399603    0.17697   0.899444   0.418373
         0          0          0          1
14	22	50
 0.964564  0.126705 -0.231435  0.865482
  -0.1576  0.980157 -0.120225  0.820595
  0.21161  0.152439  0.965393 -0.659178
        0         0         0         1
13	18	50
 0.513233 -0.414157  0.751709 -0.150828
 0.425325  0.883482  0.196364 -0.722621
-0.745446   0.21894  0.629584   1.71287
        0         0         0         1
12	17	50
 0.703755  0.296949 -0.645407  0.844422
-0.348763  0.935861 0.0502925   1.05269
 0.618945  0.189701  0.762181  -1.41538
        0         0         0         1
8	22	50
 0.429103 -0.343168  0.835527 -0.570269
